bits=28 base=268435456 
c->rad=1.1703344434499741e-008 rad->c=85445660.904599786 
factor=23204649.023183972
1 39616676.377911344
2 20932363.778400216
3 10625594.695835933
4 5333416.472983215
5 2669308.2139988835
6 1334979.817770754
7 667530.64509248117
8 333770.41527137993
9 166885.84424818776
10 83443.001701339104
11 41721.510797846553
12 20860.756642321066
13 10430.378476585278
14 5215.1892577207327
15 2607.5946312888782
16 1303.797315948003
17 651.89865801194696
18 325.94932901071667
19 162.97466450595124
20 81.487332253049729
21 40.74366612653413
22 20.371833063268223
23 10.185916531634257
24 5.0929582658171464
25 2.5464791329085754
26 1.2732395664542879
27 0.63661978322714408
