100
0
21.5 33.5 8.0
Edge
1 0
Edge
2 1
Edge
3 2
Edge
4 3
Edge
7 4
Edge
9 5

1
16.0 29.0 7.0
Edge
5 0
Edge
6 1
Edge
8 2
Edge
33 3
BendPoints 2
10.5 25.5
10.5 23.5
Edge
21 4
BendPoints 2
20.5 25.5
20.5 23.5

2
21.5 29.0 7.0

3
28.5 29.0 7.0
Edge
21 0
BendPoints 2
22.2 25.5
22.2 23.5
Edge
10 1
Edge
11 2
Edge
27 3
BendPoints 2
31.5 25.5
31.5 23.5

4
33.0 29.0 7.0
Edge
12 0
Edge
13 1

5
5.0 24.5 6.0
Edge
14 0
Edge
31 1
BendPoints 2
3.2 20.5
3.2 18.5
Edge
32 2
Edge
15 3
Edge
33 4
BendPoints 2
7.3 20.5
7.3 18.5

6
13.5 24.5 6.0
Edge
16 0

7
16.8 24.5 6.0
Edge
17 0
Edge
41 1
BendPoints 2
15.7 20.5
15.7 18.5
Edge
18 2
Edge
19 3
Edge
20 4

8
18.5 24.5 6.0
Edge
21 0

9
24.5 24.5 6.0
Edge
21 0
Edge
61 1
BendPoints 5
22.2 20.2
22.2 18.8
21.6 15.2
21.6 13.8
16.5 12.0
Edge
22 2
Edge
23 3
Edge
47 4
BendPoints 2
25.6 20.5
25.6 18.5
Edge
24 5

10
28.3 24.5 6.0
Edge
25 0
Edge
26 1

11
30.0 24.5 6.0
Edge
27 0

12
32.8 24.5 6.0
Edge
28 0
Edge
29 1

13
34.5 24.5 6.0

14
2.0 19.5 5.0
Edge
30 0

15
6.0 19.5 5.0
Edge
31 0
Edge
32 1
Edge
55 2
BendPoints 2
4.2 15.5
4.2 13.5
Edge
33 3
Edge
34 4

16
13.0 19.5 5.0

17
14.8 19.5 5.0
Edge
35 0
Edge
36 1
Edge
37 2
Edge
38 3
Edge
39 4
Edge
61 5
BendPoints 2
15.5 15.5
15.5 13.5
Edge
40 6
Edge
41 7
Edge
43 8

18
16.8 19.5 5.0
Edge
42 0

19
18.30 19.5 5.0
Edge
43 0
Edge
44 0

20
19.80 19.5 5.0
Edge
45 0

21
21.30 19.5 5.0

22
23.0 19.5 5.0
Edge
46 0

23
24.5 19.5 5.0

24
26.5 19.5 5.0
Edge
48 0

25
28.0 19.5 5.0

26
29.5 19.5 5.0

27
31.0 19.5 5.0

28
32.5 19.5 5.0

29
34.0 19.5 5.0
Edge
49 0
BendPoints 1
30.0 16.0
Edge
72 1
BendPoints 2
30.9 15.5
30.9 13.5
Edge
50 2
Edge
51 3
Edge
73 4
BendPoints 2
34.3 15.5
34.3 13.5
Edge
52 5
Edge
74 6
BendPoints 2
36.8 15.5
36.8 13.5

30
0.0 14.5 4.0
Edge
53 0

31
1.5 14.5 4.0

32
3.0 14.5 4.0
Edge
54 0
Edge
75 1
BendPoints 2
4.6 11.5
4.6 9.5

33
5.5 14.5 4.0
Edge
55 0

34
7.0 14.5 4.0
Edge
56 0
Edge
57 1
Edge
61 2
BendPoints 2
7.8 13.2
13.0 11.4

35
8.5 14.5 4.0
Edge
58 0

36
10.0 14.5 4.0
Edge
59 0
Edge
60 1

37
11.5 14.5 4.0
Edge
61 0

38
13.0 14.5 4.0

39
14.5 14.5 4.0

40
16.3 14.5 4.0
Edge
61 0
Edge
62 1

41
17.8 14.5 4.0

42
19.3 14.5 4.0

43
20.8 14.5 4.0

44
22.5 14.5 4.0
Edge
63 0
Edge
64 1
Edge
65 2
Edge
66 3

45
24.0 14.5 4.0

46
25.5 14.5 4.0

47
27.0 14.5 4.0
Edge
99 0
BendPoints 4
23.4 11.0
23.4 9.0
25.0 5.5
25.0 3.5
Edge
67 1
Edge
68 2
Edge
69 3

48
28.5 14.5 4.0
Edge
67 0
Edge
68 1
Edge
69 2
Edge
86 3
BendPoints 2
28.2 11.5
28.2 9.5
Edge
99 4
BendPoints 2
28.5 5.5
28.5 3.5
Edge
70 5

49
30.0 14.5 4.0
Edge
71 0

50
31.7 14.5 4.0
Edge
72 0

51
33.2 14.5 4.0

52
35.2 14.5 4.0
Edge
74 0

53
1.5 10.0 3.0

54
3.5 10.0 3.0

55
5.5 10.0 3.0

56
7.0 10.0 3.0
Edge
75 0
Edge
76 1
Edge
77 2
Edge
78 3
Edge
79 4
Edge
80 5

57
8.5 10.0 3.0

58
10.0 10.0 3.0

59
11.5 10.0 3.0

60
13.0 10.0 3.0

61
15.0 10.0 3.0
Edge
81 0

62
16.5 10.0 3.0

63
18.0 10.0 3.0

64
19.5 10.0 3.0
Edge
82 0
Edge
83 1
Edge
84 2
Edge
85 3

65
21.0 10.0 3.0

66
22.5 10.0 3.0

67
24.3 10.0 3.0

68
25.8 10.0 3.0

69
27.3 10.0 3.0

70
29.5 10.0 3.0
Edge
99 0
BendPoints 2
29.0 5.5
29.0 3.5
Edge
87 1
Edge
88 2
Edge
89 3

71
31.0 10.0 3.0

72
32.5 10.0 3.0

73
34.3 10.0 3.0

74
36.2 10.0 3.0
Edge
90 0
Edge
91 0
Edge
92 0

75
4.5 4.5 2.0

76
6.0 4.5 2.0

77
7.5 4.5 2.0
Edge
93 0

78
9.5 4.5 2.0
Edge
94 0

79
11.0 4.5 2.0

80
12.5 4.5 2.0

81
15.4 4.5 2.0
Edge
95 0
Edge
96 1
Edge
97 2
Edge
98 3

82
17.2 4.5 2.0

83
18.7 4.5 2.0

84
20.2 4.5 2.0

85
22.7 4.5 2.0

86
27.2 4.5 2.0
Edge
99 0

87
30.0 4.5 2.0

88
31.5 4.5 2.0

89
33.0 4.5 2.0
Edge
99 0
BendPoints 1
33.0 3.0

90
35.2 4.5 2.0

91
36.7 4.5 2.0

92
38.2 4.5 2.0

93
7.5 0.5 1.0

94
9.5 0.5 1.0

95
13.0 0.5 1.0

96
14.5 0.5 1.0

97
16.0 0.5 1.0

98
17.5 0.5 1.0

99
28.5 0.5 1.0

#+---------------------------------------------------------------------------+#
#|            Copyright (C) 1992, Digital Equipment Corporation              |#
#| 		          All rights reserved.                               |#
#|                  See the file COPYRIGHT for a full description.           |#
#+---------------------------------------------------------------------------+#


