2091
/Washington0
-13545.0 003001.0 1.0
Edge
0001 00

vertex1
-13640.0 003173.0 1.0
Edge
0002 00

vertex2
-13805.0 003208.0 1.0
Edge
0003 00

vertex3
-13798.0 003414.0 1.0
Edge
0004 00

vertex4
-13659.0 003553.0 1.0
Edge
0005 00

vertex5
-13754.0 003691.0 1.0
Edge
0006 00

vertex6
-13745.0 003933.0 1.0
Edge
0007 00

vertex7
-13738.0 004105.0 1.0
Edge
0008 00

vertex8
-13697.0 004277.0 1.0
Edge
0009 00

vertex9
-13719.0 004518.0 1.0
Edge
0010 00

vertex10
-13745.0 004691.0 1.0
Edge
0011 00

vertex11
-13670.0 004862.0 1.0
Edge
0012 00

vertex12
-13475.0 004793.0 1.0
Edge
0013 00

vertex13
-13347.0 004689.0 1.0
Edge
0014 00

vertex14
-13185.0 004621.0 1.0
Edge
0015 00

vertex15
-13058.0 004518.0 1.0
Edge
0016 00

vertex16
-12894.0 004484.0 1.0
Edge
0017 00

vertex17
-12734.0 004381.0 1.0
Edge
0018 00

vertex18
-12773.0 004210.0 1.0
Edge
0019 00

vertex19
-12748.0 004004.0 1.0
Edge
0020 00

vertex20
-12787.0 003831.0 1.0
Edge
0021 00

vertex21
-12953.0 003796.0 1.0
Edge
0022 00

vertex22
-12790.0 003762.0 1.0
Edge
0023 00

vertex23
-12717.0 003935.0 1.0
Edge
0024 00

vertex24
-12643.0 004176.0 1.0
Edge
0025 00

vertex25
-12702.0 004347.0 1.0
Edge
0026 00

vertex26
-12729.0 004519.0 1.0
Edge
0027 00

vertex27
-12636.0 004382.0 1.0
Edge
0028 00

vertex28
-12542.0 004245.0 1.0
Edge
0029 00

vertex29
-12536.0 004417.0 1.0
Edge
0030 00

vertex30
-12594.0 004588.0 1.0
Edge
0031 00

vertex31
-12555.0 004760.0 1.0
Edge
0032 00

vertex32
-12548.0 004931.0 1.0
Edge
0033 00

vertex33
-12573.0 005103.0 1.0
Edge
0034 00

vertex34
-12315.0 005035.0 1.0
Edge
0035 00

vertex35
-11928.0 004935.0 1.0
Edge
0036 00

vertex36
-11543.0 004801.0 1.0
Edge
0037 00

vertex37
-11190.0 004702.0 1.0
Edge
0038 00

vertex38
-10806.0 004604.0 1.0
Edge
0039 00

vertex39
-10422.0 004508.0 1.0
Edge
0040 00

vertex40
-10039.0 004412.0 1.0
Edge
0041 00

vertex41
-09848.0 004347.0 1.0
Edge
0042 00

vertex42
-10335.0 002014.0 1.0
Edge
0043 00

vertex43
-11313.0 002268.0 1.0
Edge
0044 00

vertex44
-11543.0 002230.0 1.0
Edge
0045 00

vertex45
-11806.0 002260.0 1.0
Edge
0046 00

vertex46
-12004.0 002257.0 1.0
Edge
0047 00

vertex47
-12170.0 002221.0 1.0
Edge
0048 00

vertex48
-12566.0 002285.0 1.0
Edge
0049 00

vertex49
-12762.0 002420.0 1.0
Edge
0050 00

vertex50
-13195.0 002416.0 1.0
Edge
0051 00

vertex51
-13359.0 002519.0 1.0
Edge
0052 00

vertex52
-13320.0 002726.0 1.0
Edge
0053 00

vertex53
-13347.0 002933.0 1.0
Edge
0054 00

vertex54
-13545.0 003001.0 1.0
Edge
0055 00

fake55
-13545.0 003001.0 1.0

/Oregon1
-15108.0 -00102.0 1.0
Edge
0057 00

vertex57
-15174.0 000073.0 1.0
Edge
0058 00

vertex58
-15137.0 000248.0 1.0
Edge
0059 00

vertex59
-15065.0 000423.0 1.0
Edge
0060 00

vertex60
-15096.0 000598.0 1.0
Edge
0061 00

vertex61
-14990.0 000774.0 1.0
Edge
0062 00

vertex62
-14884.0 000949.0 1.0
Edge
0063 00

vertex63
-14779.0 001088.0 1.0
Edge
0064 00

vertex64
-14673.0 001228.0 1.0
Edge
0065 00

vertex65
-14534.0 001368.0 1.0
Edge
0066 00

vertex66
-14495.0 001543.0 1.0
Edge
0067 00

vertex67
-14423.0 001717.0 1.0
Edge
0068 00

vertex68
-14350.0 001925.0 1.0
Edge
0069 00

vertex69
-14277.0 002134.0 1.0
Edge
0070 00

vertex70
-14172.0 002272.0 1.0
Edge
0071 00

vertex71
-14099.0 002446.0 1.0
Edge
0072 00

vertex72
-14060.0 002619.0 1.0
Edge
0073 00

vertex73
-13987.0 002793.0 1.0
Edge
0074 00

vertex74
-13914.0 002965.0 1.0
Edge
0075 00

vertex75
-13840.0 003173.0 1.0
Edge
0076 00

vertex76
-13710.0 003070.0 1.0
Edge
0077 00

vertex77
-13545.0 003001.0 1.0
Edge
0078 00

vertex78
-13347.0 002933.0 1.0
Edge
0079 00

vertex79
-13320.0 002726.0 1.0
Edge
0080 00

vertex80
-13359.0 002519.0 1.0
Edge
0081 00

vertex81
-13195.0 002416.0 1.0
Edge
0082 00

vertex82
-12762.0 002420.0 1.0
Edge
0083 00

vertex83
-12566.0 002285.0 1.0
Edge
0084 00

vertex84
-12170.0 002221.0 1.0
Edge
0085 00

vertex85
-12004.0 002257.0 1.0
Edge
0086 00

vertex86
-11806.0 002260.0 1.0
Edge
0087 00

vertex87
-11543.0 002230.0 1.0
Edge
0088 00

vertex88
-11313.0 002268.0 1.0
Edge
0089 00

vertex89
-10335.0 002014.0 1.0
Edge
0090 00

vertex90
-10303.0 001912.0 1.0
Edge
0091 00

vertex91
-10174.0 001778.0 1.0
Edge
0092 00

vertex92
-10175.0 001606.0 1.0
Edge
0093 00

vertex93
-10306.0 001432.0 1.0
Edge
0094 00

vertex94
-10438.0 001258.0 1.0
Edge
0095 00

vertex95
-10504.0 001084.0 1.0
Edge
0096 00

vertex96
-10636.0 000978.0 1.0
Edge
0097 00

vertex97
-10735.0 000838.0 1.0
Edge
0098 00

vertex98
-10670.0 000599.0 1.0
Edge
0099 00

vertex99
-10704.0 000426.0 1.0
Edge
0100 00

vertex100
-10770.0 000252.0 1.0
Edge
0101 00

vertex101
-11097.0 -01137.0 1.0
Edge
0102 00

vertex102
-12098.0 -00922.0 1.0
Edge
0103 00

vertex103
-12769.0 -00764.0 1.0
Edge
0104 00

vertex104
-13544.0 -00536.0 1.0
Edge
0105 00

vertex105
-15108.0 -00102.0 1.0
Edge
0106 00

fake106
-15108.0 -00102.0 1.0

/California2
-15108.0 -00102.0 1.0
Edge
0108 00

vertex108
-13544.0 -00536.0 1.0
Edge
0109 00

vertex109
-12769.0 -00764.0 1.0
Edge
0110 00

vertex110
-13366.0 -03124.0 1.0
Edge
0111 00

vertex111
-10763.0 -07079.0 1.0
Edge
0112 00

vertex112
-10762.0 -07114.0 1.0
Edge
0113 00

vertex113
-10758.0 -07220.0 1.0
Edge
0114 00

vertex114
-10649.0 -07428.0 1.0
Edge
0115 00

vertex115
-10607.0 -07640.0 1.0
Edge
0116 00

vertex116
-10467.0 -07774.0 1.0
Edge
0117 00

vertex117
-10666.0 -07856.0 1.0
Edge
0118 00

vertex118
-10795.0 -07971.0 1.0
Edge
0119 00

vertex119
-10788.0 -08150.0 1.0
Edge
0120 00

vertex120
-10880.0 -08334.0 1.0
Edge
0121 00

vertex121
-11010.0 -08449.0 1.0
Edge
0122 00

vertex122
-11034.0 -08666.0 1.0
Edge
0123 00

vertex123
-10895.0 -08765.0 1.0
Edge
0124 00

vertex124
-10954.0 -08949.0 1.0
Edge
0125 00

vertex125
-11085.0 -09029.0 1.0
Edge
0126 00

vertex126
-12685.0 -08839.0 1.0
Edge
0127 00

vertex127
-12729.0 -08625.0 1.0
Edge
0128 00

vertex128
-12703.0 -08442.0 1.0
Edge
0129 00

vertex129
-12782.0 -08194.0 1.0
Edge
0130 00

vertex130
-12890.0 -08055.0 1.0
Edge
0131 00

vertex131
-13036.0 -07847.0 1.0
Edge
0132 00

vertex132
-13111.0 -07671.0 1.0
Edge
0133 00

vertex133
-13280.0 -07716.0 1.0
Edge
0134 00

vertex134
-13356.0 -07539.0 1.0
Edge
0135 00

vertex135
-13498.0 -07402.0 1.0
Edge
0136 00

vertex136
-13708.0 -07305.0 1.0
Edge
0137 00

vertex137
-13816.0 -07166.0 1.0
Edge
0138 00

vertex138
-13924.0 -07027.0 1.0
Edge
0139 00

vertex139
-14134.0 -06929.0 1.0
Edge
0140 00

vertex140
-14379.0 -06833.0 1.0
Edge
0141 00

vertex141
-14554.0 -06769.0 1.0
Edge
0142 00

vertex142
-14597.0 -06517.0 1.0
Edge
0143 00

vertex143
-14570.0 -06300.0 1.0
Edge
0144 00

vertex144
-14644.0 -06123.0 1.0
Edge
0145 00

vertex145
-14651.0 -05872.0 1.0
Edge
0146 00

vertex146
-14759.0 -05732.0 1.0
Edge
0147 00

vertex147
-14867.0 -05557.0 1.0
Edge
0148 00

vertex148
-14942.0 -05344.0 1.0
Edge
0149 00

vertex149
-15015.0 -05167.0 1.0
Edge
0150 00

vertex150
-15088.0 -04990.0 1.0
Edge
0151 00

vertex151
-15094.0 -04739.0 1.0
Edge
0152 00

vertex152
-14924.0 -04591.0 1.0
Edge
0153 00

vertex153
-15030.0 -04452.0 1.0
Edge
0154 00

vertex154
-15171.0 -04312.0 1.0
Edge
0155 00

vertex155
-15175.0 -04099.0 1.0
Edge
0156 00

vertex156
-15177.0 -03920.0 1.0
Edge
0157 00

vertex157
-15145.0 -03741.0 1.0
Edge
0158 00

vertex158
-15039.0 -03881.0 1.0
Edge
0159 00

vertex159
-14933.0 -04020.0 1.0
Edge
0160 00

vertex160
-14970.0 -03843.0 1.0
Edge
0161 00

vertex161
-14972.0 -03665.0 1.0
Edge
0162 00

vertex162
-14975.0 -03452.0 1.0
Edge
0163 00

vertex163
-15111.0 -03633.0 1.0
Edge
0164 00

vertex164
-15251.0 -03530.0 1.0
Edge
0165 00

vertex165
-15357.0 -03391.0 1.0
Edge
0166 00

vertex166
-15394.0 -03035.0 1.0
Edge
0167 00

vertex167
-15500.0 -02753.0 1.0
Edge
0168 00

vertex168
-15605.0 -02577.0 1.0
Edge
0169 00

vertex169
-15571.0 -02328.0 1.0
Edge
0170 00

vertex170
-15502.0 -02115.0 1.0
Edge
0171 00

vertex171
-15467.0 -01938.0 1.0
Edge
0172 00

vertex172
-15466.0 -01690.0 1.0
Edge
0173 00

vertex173
-15604.0 -01445.0 1.0
Edge
0174 00

vertex174
-15568.0 -01196.0 1.0
Edge
0175 00

vertex175
-15428.0 -01019.0 1.0
Edge
0176 00

vertex176
-15288.0 -00771.0 1.0
Edge
0177 00

vertex177
-15217.0 -00594.0 1.0
Edge
0178 00

vertex178
-15181.0 -00419.0 1.0
Edge
0179 00

vertex179
-15108.0 -00102.0 1.0
Edge
0180 00

fake180
-15108.0 -00102.0 1.0

/Nevada3
-12769.0 -00764.0 1.0
Edge
0182 00

vertex182
-12098.0 -00922.0 1.0
Edge
0183 00

vertex183
-11097.0 -01137.0 1.0
Edge
0184 00

vertex184
-10831.0 -01199.0 1.0
Edge
0185 00

vertex185
-10632.0 -01228.0 1.0
Edge
0186 00

vertex186
-09403.0 -01465.0 1.0
Edge
0187 00

vertex187
-10114.0 -05527.0 1.0
Edge
0188 00

vertex188
-10227.0 -06165.0 1.0
Edge
0189 00

vertex189
-10391.0 -06245.0 1.0
Edge
0190 00

vertex190
-10528.0 -06146.0 1.0
Edge
0191 00

vertex191
-10658.0 -06258.0 1.0
Edge
0192 00

vertex192
-10668.0 -06932.0 1.0
Edge
0193 00

vertex193
-10762.0 -07114.0 1.0
Edge
0194 00

vertex194
-10763.0 -07079.0 1.0
Edge
0195 00

vertex195
-13366.0 -03124.0 1.0
Edge
0196 00

vertex196
-12769.0 -00764.0 1.0
Edge
0197 00

/Idaho4
-11097.0 -01137.0 1.0
Edge
0198 00

vertex198
-10770.0 000252.0 1.0
Edge
0199 00

vertex199
-10704.0 000426.0 1.0
Edge
0200 00

vertex200
-10670.0 000599.0 1.0
Edge
0201 00

vertex201
-10735.0 000838.0 1.0
Edge
0202 00

vertex202
-10636.0 000978.0 1.0
Edge
0203 00

vertex203
-10504.0 001084.0 1.0
Edge
0204 00

vertex204
-10438.0 001258.0 1.0
Edge
0205 00

vertex205
-10306.0 001432.0 1.0
Edge
0206 00

vertex206
-10175.0 001606.0 1.0
Edge
0207 00

vertex207
-10174.0 001778.0 1.0
Edge
0208 00

vertex208
-10303.0 001912.0 1.0
Edge
0209 00

vertex209
-10335.0 002014.0 1.0
Edge
0210 00

vertex210
-09848.0 004347.0 1.0
Edge
0211 00

vertex211
-09371.0 004220.0 1.0
Edge
0212 00

vertex212
-09407.0 003981.0 1.0
Edge
0213 00

vertex213
-09476.0 003638.0 1.0
Edge
0214 00

vertex214
-09478.0 003434.0 1.0
Edge
0215 00

vertex215
-09385.0 003197.0 1.0
Edge
0216 00

vertex216
-09387.0 003027.0 1.0
Edge
0217 00

vertex217
-09292.0 002824.0 1.0
Edge
0218 00

vertex218
-09196.0 002690.0 1.0
Edge
0219 00

vertex219
-09101.0 002522.0 1.0
Edge
0220 00

vertex220
-09070.0 002318.0 1.0
Edge
0221 00

vertex221
-08941.0 002219.0 1.0
Edge
0222 00

vertex222
-08909.0 002049.0 1.0
Edge
0223 00

vertex223
-09006.0 001876.0 1.0
Edge
0224 00

vertex224
-08974.0 001672.0 1.0
Edge
0225 00

vertex225
-09104.0 001566.0 1.0
Edge
0226 00

vertex226
-09071.0 001362.0 1.0
Edge
0227 00

vertex227
-08909.0 001366.0 1.0
Edge
0228 00

vertex228
-08715.0 001270.0 1.0
Edge
0229 00

vertex229
-08714.0 001099.0 1.0
Edge
0230 00

vertex230
-08649.0 000896.0 1.0
Edge
0231 00

vertex231
-08680.0 000724.0 1.0
Edge
0232 00

vertex232
-08518.0 000627.0 1.0
Edge
0233 00

vertex233
-08484.0 000422.0 1.0
Edge
0234 00

vertex234
-08321.0 000359.0 1.0
Edge
0235 00

vertex235
-08127.0 000332.0 1.0
Edge
0236 00

vertex236
-07933.0 000372.0 1.0
Edge
0237 00

vertex237
-07706.0 000278.0 1.0
Edge
0238 00

vertex238
-07676.0 000449.0 1.0
Edge
0239 00

vertex239
-07513.0 000285.0 1.0
Edge
0240 00

vertex240
-07447.0 000185.0 1.0
Edge
0241 00

vertex241
-07737.0 -01778.0 1.0
Edge
0242 00

vertex242
-09113.0 -01521.0 1.0
Edge
0243 00

vertex243
-09403.0 -01465.0 1.0
Edge
0244 00

vertex244
-10632.0 -01228.0 1.0
Edge
0245 00

vertex245
-10831.0 -01199.0 1.0
Edge
0246 00

vertex246
-11097.0 -01137.0 1.0
Edge
0247 00

fake247
-11097.0 -01137.0 1.0

/Utah5
-09403.0 -01465.0 1.0
Edge
0249 00

vertex249
-09113.0 -01521.0 1.0
Edge
0250 00

vertex250
-07737.0 -01778.0 1.0
Edge
0251 00

vertex251
-07852.0 -02506.0 1.0
Edge
0252 00

vertex252
-06709.0 -02663.0 1.0
Edge
0253 00

vertex253
-07026.0 -05936.0 1.0
Edge
0254 00

vertex254
-07919.0 -05837.0 1.0
Edge
0255 00

vertex255
-09612.0 -05607.0 1.0
Edge
0256 00

vertex256
-10114.0 -05527.0 1.0
Edge
0257 00

vertex257
-09403.0 -01495.0 1.0
Edge
0258 00

fake258
-09403.0 -01465.0 1.0

/Arizona6
-10114.0 -05527.0 1.0
Edge
0260 00

vertex260
-09612.0 -05607.0 1.0
Edge
0261 00

vertex261
-07919.0 -05837.0 1.0
Edge
0262 00

vertex262
-07026.0 -05936.0 1.0
Edge
0263 00

vertex263
-07483.0 -10622.0 1.0
Edge
0264 00

vertex264
-08844.0 -10464.0 1.0
Edge
0265 00

vertex265
-11179.0 -09179.0 1.0
Edge
0266 00

vertex266
-11085.0 -09029.0 1.0
Edge
0267 00

vertex267
-10954.0 -08949.0 1.0
Edge
0268 00

vertex268
-10895.0 -08765.0 1.0
Edge
0269 00

vertex269
-11034.0 -08666.0 1.0
Edge
0270 00

vertex270
-11010.0 -08449.0 1.0
Edge
0271 00

vertex271
-10880.0 -08334.0 1.0
Edge
0272 00

vertex272
-10788.0 -08150.0 1.0
Edge
0273 00

vertex273
-10795.0 -07971.0 1.0
Edge
0274 00

vertex274
-10666.0 -07856.0 1.0
Edge
0275 00

vertex275
-10467.0 -07774.0 1.0
Edge
0276 00

vertex276
-10607.0 -07640.0 1.0
Edge
0277 00

vertex277
-10649.0 -07428.0 1.0
Edge
0278 00

vertex278
-10758.0 -07220.0 1.0
Edge
0279 00

vertex279
-10762.0 -07114.0 1.0
Edge
0280 00

vertex280
-10668.0 -06932.0 1.0
Edge
0281 00

vertex281
-10658.0 -06258.0 1.0
Edge
0282 00

vertex282
-10528.0 -06146.0 1.0
Edge
0283 00

vertex283
-10391.0 -06245.0 1.0
Edge
0284 00

vertex284
-10227.0 -06165.0 1.0
Edge
0285 00

vertex285
-10114.0 -05527.0 1.0
Edge
0286 00

fake286
-10114.0 -05527.0 1.0

/Montana7
-09371.0 004220.0 1.0
Edge
0288 00

vertex288
-09275.0 004222.0 1.0
Edge
0289 00

vertex289
-08862.0 004130.0 1.0
Edge
0290 00

vertex290
-08513.0 004070.0 1.0
Edge
0291 00

vertex291
-08355.0 004040.0 1.0
Edge
0292 00

vertex292
-08165.0 004011.0 1.0
Edge
0293 00

vertex293
-07754.0 003920.0 1.0
Edge
0294 00

vertex294
-07407.0 003862.0 1.0
Edge
0295 00

vertex295
-07060.0 003804.0 1.0
Edge
0296 00

vertex296
-06683.0 003782.0 1.0
Edge
0297 00

vertex297
-06399.0 003723.0 1.0
Edge
0298 00

vertex298
-05928.0 003671.0 1.0
Edge
0299 00

vertex299
-05552.0 003617.0 1.0
Edge
0300 00

vertex300
-05176.0 003596.0 1.0
Edge
0301 00

vertex301
-04769.0 003543.0 1.0
Edge
0302 00

vertex302
-04394.0 003524.0 1.0
Edge
0303 00

vertex303
-04019.0 003471.0 1.0
Edge
0304 00

vertex304
-03645.0 003451.0 1.0
Edge
0305 00

vertex305
-03521.0 003457.0 1.0
Edge
0306 00

vertex306
-03671.0 001013.0 1.0
Edge
0307 00

vertex307
-03712.0 000299.0 1.0
Edge
0308 00

vertex308
-05528.0 000428.0 1.0
Edge
0309 00

vertex309
-07389.0 000631.0 1.0
Edge
0310 00

vertex310
-07447.0 000185.0 1.0
Edge
0311 00

vertex311
-07513.0 000285.0 1.0
Edge
0312 00

vertex312
-07676.0 000449.0 1.0
Edge
0313 00

vertex313
-07706.0 000278.0 1.0
Edge
0314 00

vertex314
-07933.0 000372.0 1.0
Edge
0315 00

vertex315
-08127.0 000332.0 1.0
Edge
0316 00

vertex316
-08321.0 000359.0 1.0
Edge
0317 00

vertex317
-08484.0 000422.0 1.0
Edge
0318 00

vertex318
-08518.0 000627.0 1.0
Edge
0319 00

vertex319
-08680.0 000724.0 1.0
Edge
0320 00

vertex320
-08649.0 000896.0 1.0
Edge
0321 00

vertex321
-08714.0 001099.0 1.0
Edge
0322 00

vertex322
-08715.0 001270.0 1.0
Edge
0323 00

vertex323
-08909.0 001366.0 1.0
Edge
0324 00

vertex324
-09071.0 001362.0 1.0
Edge
0325 00

vertex325
-09104.0 001566.0 1.0
Edge
0326 00

vertex326
-08974.0 001672.0 1.0
Edge
0327 00

vertex327
-09006.0 001876.0 1.0
Edge
0328 00

vertex328
-08909.0 002049.0 1.0
Edge
0329 00

vertex329
-08941.0 002219.0 1.0
Edge
0330 00

vertex330
-09070.0 002318.0 1.0
Edge
0331 00

vertex331
-09101.0 002522.0 1.0
Edge
0332 00

vertex332
-09196.0 002690.0 1.0
Edge
0333 00

vertex333
-09292.0 002824.0 1.0
Edge
0334 00

vertex334
-09387.0 003027.0 1.0
Edge
0335 00

vertex335
-09385.0 003197.0 1.0
Edge
0336 00

vertex336
-09478.0 003434.0 1.0
Edge
0337 00

vertex337
-09476.0 003638.0 1.0
Edge
0338 00

vertex338
-09407.0 003981.0 1.0
Edge
0339 00

vertex339
-09371.0 004220.0 1.0
Edge
0340 00

fake340
-09371.0 004220.0 1.0

/Wyoming8
-07389.0 000631.0 1.0
Edge
0342 00

vertex342
-05528.0 000428.0 1.0
Edge
0343 00

vertex343
-03712.0 000299.0 1.0
Edge
0344 00

vertex344
-03786.0 -01336.0 1.0
Edge
0345 00

vertex345
-03889.0 -02868.0 1.0
Edge
0346 00

vertex346
-05153.0 -02764.0 1.0
Edge
0347 00

vertex347
-06709.0 -02663.0 1.0
Edge
0348 00

vertex348
-07852.0 -02506.0 1.0
Edge
0349 00

vertex349
-07737.0 -01778.0 1.0
Edge
0350 00

vertex350
-07447.0 000185.0 1.0
Edge
0351 00

vertex351
-07389.0 000631.0 1.0
Edge
0352 00

fake352
-07389.0 000631.0 1.0

/Colorado9
-06709.0 -02663.0 1.0
Edge
0354 00

vertex354
-05153.0 -02764.0 1.0
Edge
0355 00

vertex355
-03889.0 -02868.0 1.0
Edge
0356 00

vertex356
-02767.0 -02961.0 1.0
Edge
0357 00

vertex357
-02799.0 -03749.0 1.0
Edge
0358 00

vertex358
-02860.0 -06175.0 1.0
Edge
0359 00

vertex359
-03410.0 -06162.0 1.0
Edge
0360 00

vertex360
-04774.0 -06125.0 1.0
Edge
0361 00

vertex361
-06307.0 -05997.0 1.0
Edge
0362 00

vertex362
-07026.0 -05936.0 1.0
Edge
0363 00

vertex363
-06709.0 -02663.0 1.0
Edge
0364 00

fake364
-06709.0 -02663.0 1.0

/NewMexico10
-07026.0 -05936.0 1.0
Edge
0366 00

vertex366
-06307.0 -05997.0 1.0
Edge
0367 00

vertex367
-04774.0 -06125.0 1.0
Edge
0368 00

vertex368
-03410.0 -06162.0 1.0
Edge
0369 00

vertex369
-03427.0 -06575.0 1.0
Edge
0370 00

vertex370
-03558.0 -10263.0 1.0
Edge
0371 00

vertex371
-05900.0 -10195.0 1.0
Edge
0372 00

vertex372
-05860.0 -10336.0 1.0
Edge
0373 00

vertex373
-06909.0 -10297.0 1.0
Edge
0374 00

vertex374
-06954.0 -10693.0 1.0
Edge
0375 00

vertex375
-07483.0 -10622.0 1.0
Edge
0376 00

vertex376
-07026.0 -05936.0 1.0
Edge
0377 00

fake377
-07026.0 -05936.0 1.0

/NorthDakota11
-03521.0 003457.0 1.0
Edge
0379 00

vertex379
-03271.0 003433.0 1.0
Edge
0380 00

vertex380
-02897.0 003414.0 1.0
Edge
0381 00

vertex381
-02524.0 003430.0 1.0
Edge
0382 00

vertex382
-02213.0 003410.0 1.0
Edge
0383 00

vertex383
-01809.0 003394.0 1.0
Edge
0384 00

vertex384
-01437.0 003410.0 1.0
Edge
0385 00

vertex385
-01094.0 003392.0 1.0
Edge
0386 00

vertex386
-00692.0 003410.0 1.0
Edge
0387 00

vertex387
-00320.0 003427.0 1.0
Edge
0388 00

vertex388
-00257.0 003430.0 1.0
Edge
0389 00

vertex389
-00218.0 003263.0 1.0
Edge
0390 00

vertex390
-00193.0 002758.0 1.0
Edge
0391 00

vertex391
-00122.0 002592.0 1.0
Edge
0392 00

vertex392
-00003.0 002091.0 1.0
Edge
0393 00

vertex393
000019.0 001653.0 1.0
Edge
0394 00

vertex394
000062.0 001419.0 1.0
Edge
0395 00

vertex395
000133.0 001253.0 1.0
Edge
0396 00

vertex396
000145.0 001017.0 1.0
Edge
0397 00

vertex397
-01619.0 001002.0 1.0
Edge
0398 00

vertex398
-03671.0 001013.0 1.0
Edge
0399 00

vertex399
-03521.0 003457.0 1.0
Edge
0400 00

fake400
-03521.0 003457.0 1.0

/SouthDakota12
-03671.0 001013.0 1.0
Edge
0402 00

vertex402
-01619.0 001002.0 1.0
Edge
0403 00

vertex403
000145.0 001017.0 1.0
Edge
0404 00

vertex404
000150.0 000916.0 1.0
Edge
0405 00

vertex405
000031.0 000775.0 1.0
Edge
0406 00

vertex406
000134.0 000610.0 1.0
Edge
0407 00

vertex407
000265.0 000515.0 1.0
Edge
0408 00

vertex408
000272.0 -00908.0 1.0
Edge
0409 00

vertex409
000275.0 -01587.0 1.0
Edge
0410 00

vertex410
000313.0 -01721.0 1.0
Edge
0411 00

vertex411
000179.0 -01592.0 1.0
Edge
0412 00

vertex412
000017.0 -01532.0 1.0
Edge
0413 00

vertex413
-00147.0 -01438.0 1.0
Edge
0414 00

vertex414
-00624.0 -01461.0 1.0
Edge
0415 00

vertex415
-00788.0 -01367.0 1.0
Edge
0416 00

vertex416
-03786.0 -01336.0 1.0
Edge
0417 00

vertex417
-03712.0 000299.0 1.0
Edge
0418 00

vertex418
-03671.0 001013.0 1.0
Edge
0419 00

fake419
-03671.0 001013.0 1.0

/Nebraska13
-03786.0 -01336.0 1.0
Edge
0421 00

vertex421
-00788.0 -01367.0 1.0
Edge
0422 00

vertex422
-00624.0 -01461.0 1.0
Edge
0423 00

vertex423
-00147.0 -01438.0 1.0
Edge
0424 00

vertex424
000017.0 -01532.0 1.0
Edge
0425 00

vertex425
000179.0 -01592.0 1.0
Edge
0426 00

vertex426
000313.0 -01721.0 1.0
Edge
0427 00

vertex427
000563.0 -02254.0 1.0
Edge
0428 00

vertex428
000571.0 -02424.0 1.0
Edge
0429 00

vertex429
000674.0 -02555.0 1.0
Edge
0430 00

vertex430
000691.0 -02896.0 1.0
Edge
0431 00

vertex431
000731.0 -03064.0 1.0
Edge
0432 00

vertex432
000803.0 -03231.0 1.0
Edge
0433 00

vertex433
000807.0 -03299.0 1.0
Edge
0434 00

vertex434
000811.0 -03401.0 1.0
Edge
0435 00

vertex435
000946.0 -03532.0 1.0
Edge
0436 00

vertex436
001019.0 -03699.0 1.0
Edge
0437 00

vertex437
-02799.0 -03749.0 1.0
Edge
0438 00

vertex438
-02767.0 -02961.0 1.0
Edge
0439 00

vertex439
-03889.0 -02868.0 1.0
Edge
0440 00

vertex440
-03786.0 -01336.0 1.0
Edge
0441 00

fake441
-03786.0 -01336.0 1.0

/Kansas14
-02799.0 -03749.0 1.0
Edge
0443 00

vertex443
001019.0 -03699.0 1.0
Edge
0444 00

vertex444
001182.0 -03760.0 1.0
Edge
0445 00

vertex445
001316.0 -03856.0 1.0
Edge
0446 00

vertex446
001226.0 -03998.0 1.0
Edge
0447 00

vertex447
001266.0 -04167.0 1.0
Edge
0448 00

vertex448
001370.0 -04299.0 1.0
Edge
0449 00

vertex449
001503.0 -04395.0 1.0
Edge
0450 00

vertex450
001634.0 -06491.0 1.0
Edge
0451 00

vertex451
001617.0 -06111.0 1.0
Edge
0452 00

vertex452
000006.0 -06156.0 1.0
Edge
0453 00

vertex453
-01539.0 -06199.0 1.0
Edge
0454 00

vertex454
-02860.0 -06175.0 1.0
Edge
0455 00

vertex455
-02799.0 -03749.0 1.0
Edge
0456 00

fake456
-02799.0 -03749.0 1.0

/Oklahoma15
-03410.0 -06162.0 1.0
Edge
0458 00

vertex458
-02860.0 -06175.0 1.0
Edge
0459 00

vertex459
-01539.0 -06199.0 1.0
Edge
0460 00

vertex460
000006.0 -06156.0 1.0
Edge
0461 00

vertex461
001617.0 -06111.0 1.0
Edge
0462 00

vertex462
001634.0 -06491.0 1.0
Edge
0463 00

vertex463
001719.0 -06937.0 1.0
Edge
0464 00

vertex464
001771.0 -07386.0 1.0
Edge
0465 00

vertex465
001832.0 -08814.0 1.0
Edge
0466 00

vertex466
001699.0 -08716.0 1.0
Edge
0467 00

vertex467
001534.0 -08618.0 1.0
Edge
0468 00

vertex468
001370.0 -08556.0 1.0
Edge
0469 00

vertex469
001179.0 -08636.0 1.0
Edge
0470 00

vertex470
001019.0 -08679.0 1.0
Edge
0471 00

vertex471
000859.0 -08686.0 1.0
Edge
0472 00

vertex472
000701.0 -08764.0 1.0
Edge
0473 00

vertex473
000504.0 -08704.0 1.0
Edge
0474 00

vertex474
000310.0 -08679.0 1.0
Edge
0475 00

vertex475
000155.0 -08827.0 1.0
Edge
0476 00

vertex476
000115.0 -08654.0 1.0
Edge
0477 00

vertex477
-00044.0 -08697.0 1.0
Edge
0478 00

vertex478
-00208.0 -08635.0 1.0
Edge
0479 00

vertex479
-00366.0 -08713.0 1.0
Edge
0480 00

vertex480
-00406.0 -08540.0 1.0
Edge
0481 00

vertex481
-00602.0 -08480.0 1.0
Edge
0482 00

vertex482
-00794.0 -08525.0 1.0
Edge
0483 00

vertex483
-00957.0 -08464.0 1.0
Edge
0484 00

vertex484
-01118.0 -08472.0 1.0
Edge
0485 00

vertex485
-01190.0 -08301.0 1.0
Edge
0486 00

vertex486
-01351.0 -08310.0 1.0
Edge
0487 00

vertex487
-01516.0 -08214.0 1.0
Edge
0488 00

vertex488
-01620.0 -08045.0 1.0
Edge
0489 00

vertex489
-01620.0 -06550.0 1.0
Edge
0490 00

vertex490
-03427.0 -06575.0 1.0
Edge
0491 00

vertex491
-03410.0 -06162.0 1.0
Edge
0492 00

fake492
-03410.0 -06162.0 1.0

/Texas16
-03427.0 -06575.0 1.0
Edge
0494 00

vertex494
-01620.0 -06550.0 1.0
Edge
0495 00

vertex495
-01620.0 -08045.0 1.0
Edge
0496 00

vertex496
-01516.0 -08214.0 1.0
Edge
0497 00

vertex497
-01351.0 -08310.0 1.0
Edge
0498 00

vertex498
-01190.0 -08301.0 1.0
Edge
0499 00

vertex499
-01118.0 -08472.0 1.0
Edge
0500 00

vertex500
-00957.0 -08464.0 1.0
Edge
0501 00

vertex501
-00794.0 -08525.0 1.0
Edge
0502 00

vertex502
-00602.0 -08480.0 1.0
Edge
0503 00

vertex503
-00406.0 -08540.0 1.0
Edge
0504 00

vertex504
-00366.0 -08713.0 1.0
Edge
0505 00

vertex505
-00208.0 -08635.0 1.0
Edge
0506 00

vertex506
-00044.0 -08697.0 1.0
Edge
0507 00

vertex507
000115.0 -08654.0 1.0
Edge
0508 00

vertex508
000155.0 -08827.0 1.0
Edge
0509 00

vertex509
000310.0 -08679.0 1.0
Edge
0510 00

vertex510
000504.0 -08704.0 1.0
Edge
0511 00

vertex511
000701.0 -08764.0 1.0
Edge
0512 00

vertex512
000859.0 -08686.0 1.0
Edge
0513 00

vertex513
001019.0 -08679.0 1.0
Edge
0514 00

vertex514
001179.0 -08636.0 1.0
Edge
0515 00

vertex515
001370.0 -08556.0 1.0
Edge
0516 00

vertex516
001534.0 -08618.0 1.0
Edge
0517 00

vertex517
001699.0 -08716.0 1.0
Edge
0518 00

vertex518
001832.0 -08814.0 1.0
Edge
0519 00

vertex519
001996.0 -08877.0 1.0
Edge
0520 00

vertex520
002161.0 -08939.0 1.0
Edge
0521 00

vertex521
002137.0 -09151.0 1.0
Edge
0522 00

vertex522
002209.0 -09324.0 1.0
Edge
0523 00

vertex523
002216.0 -09499.0 1.0
Edge
0524 00

vertex524
002190.0 -09676.0 1.0
Edge
0525 00

vertex525
002231.0 -09886.0 1.0
Edge
0526 00

vertex526
002239.0 -10097.0 1.0
Edge
0527 00

vertex527
002343.0 -10269.0 1.0
Edge
0528 00

vertex528
002417.0 -10514.0 1.0
Edge
0529 00

vertex529
002488.0 -10687.0 1.0
Edge
0530 00

vertex530
002590.0 -10825.0 1.0
Edge
0531 00

vertex531
002567.0 -11074.0 1.0
Edge
0532 00

vertex532
002511.0 -11290.0 1.0
Edge
0533 00

vertex533
002484.0 -11469.0 1.0
Edge
0534 00

vertex534
002523.0 -11646.0 1.0
Edge
0535 00

vertex535
002465.0 -11827.0 1.0
Edge
0536 00

vertex536
002440.0 -12043.0 1.0
Edge
0537 00

vertex537
002281.0 -12086.0 1.0
Edge
0538 00

vertex538
002061.0 -12238.0 1.0
Edge
0539 00

vertex539
001872.0 -12318.0 1.0
Edge
0540 00

vertex540
001996.0 -12205.0 1.0
Edge
0541 00

vertex541
001835.0 -12213.0 1.0
Edge
0542 00

vertex542
001925.0 -12029.0 1.0
Edge
0543 00

vertex543
001767.0 -12109.0 1.0
Edge
0544 00

vertex544
001741.0 -12289.0 1.0
Edge
0545 00

vertex545
001716.0 -12469.0 1.0
Edge
0546 00

vertex546
001841.0 -12355.0 1.0
Edge
0547 00

vertex547
001749.0 -12504.0 1.0
Edge
0548 00

vertex548
001626.0 -12652.0 1.0
Edge
0549 00

vertex549
001439.0 -12805.0 1.0
Edge
0550 00

vertex550
001251.0 -12921.0 1.0
Edge
0551 00

vertex551
001093.0 -13001.0 1.0
Edge
0552 00

vertex552
000935.0 -13045.0 1.0
Edge
0553 00

vertex553
000775.0 -13053.0 1.0
Edge
0554 00

vertex554
000717.0 -13235.0 1.0
Edge
0555 00

vertex555
000556.0 -13208.0 1.0
Edge
0556 00

vertex556
000499.0 -13391.0 1.0
Edge
0557 00

vertex557
000307.0 -13400.0 1.0
Edge
0558 00

vertex558
000346.0 -13580.0 1.0
Edge
0559 00

vertex559
000189.0 -13659.0 1.0
Edge
0560 00

vertex560
000260.0 -13837.0 1.0
Edge
0561 00

vertex561
000142.0 -14096.0 1.0
Edge
0562 00

vertex562
-00017.0 -14141.0 1.0
Edge
0563 00

vertex563
000116.0 -14279.0 1.0
Edge
0564 00

vertex564
000092.0 -14350.0 1.0
Edge
0565 00

vertex565
000151.0 -14462.0 1.0
Edge
0566 00

vertex566
000192.0 -14602.0 1.0
Edge
0567 00

vertex567
000295.0 -14779.0 1.0
Edge
0568 00

vertex568
000335.0 -14996.0 1.0
Edge
0569 00

vertex569
000309.0 -15179.0 1.0
Edge
0570 00

vertex570
000348.0 -15360.0 1.0
Edge
0571 00

vertex571
000189.0 -15369.0 1.0
Edge
0572 00

vertex572
000026.0 -15268.0 1.0
Edge
0573 00

vertex573
-00134.0 -15239.0 1.0
Edge
0574 00

vertex574
-00293.0 -15249.0 1.0
Edge
0575 00

vertex575
-00455.0 -15184.0 1.0
Edge
0576 00

vertex576
-00681.0 -15087.0 1.0
Edge
0577 00

vertex577
-00909.0 -14955.0 1.0
Edge
0578 00

vertex578
-01041.0 -14853.0 1.0
Edge
0579 00

vertex579
-01082.0 -14636.0 1.0
Edge
0580 00

vertex580
-01184.0 -14497.0 1.0
Edge
0581 00

vertex581
-01225.0 -14281.0 1.0
Edge
0582 00

vertex582
-01267.0 -14029.0 1.0
Edge
0583 00

vertex583
-01435.0 -13859.0 1.0
Edge
0584 00

vertex584
-01538.0 -13684.0 1.0
Edge
0585 00

vertex585
-01640.0 -13545.0 1.0
Edge
0586 00

vertex586
-01744.0 -13371.0 1.0
Edge
0587 00

vertex587
-01846.0 -13233.0 1.0
Edge
0588 00

vertex588
-01950.0 -13059.0 1.0
Edge
0589 00

vertex589
-02022.0 -12883.0 1.0
Edge
0590 00

vertex590
-02094.0 -12707.0 1.0
Edge
0591 00

vertex591
-02166.0 -12532.0 1.0
Edge
0592 00

vertex592
-02332.0 -12399.0 1.0
Edge
0593 00

vertex593
-02435.0 -12261.0 1.0
Edge
0594 00

vertex594
-02570.0 -12126.0 1.0
Edge
0595 00

vertex595
-02733.0 -12101.0 1.0
Edge
0596 00

vertex596
-02893.0 -12110.0 1.0
Edge
0597 00

vertex597
-03087.0 -12086.0 1.0
Edge
0598 00

vertex598
-03280.0 -12099.0 1.0
Edge
0599 00

vertex599
-03402.0 -12250.0 1.0
Edge
0600 00

vertex600
-03458.0 -12433.0 1.0
Edge
0601 00

vertex601
-03578.0 -12621.0 1.0
Edge
0602 00

vertex602
-03700.0 -12772.0 1.0
Edge
0603 00

vertex603
-03864.0 -12712.0 1.0
Edge
0604 00

vertex604
-03998.0 -12613.0 1.0
Edge
0605 00

vertex605
-04164.0 -12515.0 1.0
Edge
0606 00

vertex606
-04332.0 -12383.0 1.0
Edge
0607 00

vertex607
-04466.0 -12284.0 1.0
Edge
0608 00

vertex608
-04601.0 -12185.0 1.0
Edge
0609 00

vertex609
-04676.0 -11975.0 1.0
Edge
0610 00

vertex610
-04684.0 -11796.0 1.0
Edge
0611 00

vertex611
-04758.0 -11621.0 1.0
Edge
0612 00

vertex612
-04831.0 -11447.0 1.0
Edge
0613 00

vertex613
-04967.0 -11312.0 1.0
Edge
0614 00

vertex614
-05102.0 -11214.0 1.0
Edge
0615 00

vertex615
-05206.0 -11078.0 1.0
Edge
0616 00

vertex616
-05379.0 -10875.0 1.0
Edge
0617 00

vertex617
-05515.0 -10741.0 1.0
Edge
0618 00

vertex618
-05652.0 -10607.0 1.0
Edge
0619 00

vertex619
-05756.0 -10472.0 1.0
Edge
0620 00

vertex620
-05860.0 -10336.0 1.0
Edge
0621 00

vertex621
-05900.0 -10195.0 1.0
Edge
0622 00

vertex622
-03558.0 -10263.0 1.0
Edge
0623 00

vertex623
-03427.0 -06575.0 1.0
Edge
0624 00

fake624
-03427.0 -06575.0 1.0

/Minnesota17
-00257.0 003430.0 1.0
Edge
0626 00

vertex626
000023.0 003410.0 1.0
Edge
0627 00

vertex627
000393.0 003461.0 1.0
Edge
0628 00

vertex628
000736.0 003444.0 1.0
Edge
0629 00

vertex629
000727.0 003612.0 1.0
Edge
0630 00

vertex630
000878.0 003688.0 1.0
Edge
0631 00

vertex631
000949.0 003522.0 1.0
Edge
0632 00

vertex632
000992.0 003322.0 1.0
Edge
0633 00

vertex633
001155.0 003195.0 1.0
Edge
0634 00

vertex634
001313.0 003169.0 1.0
Edge
0635 00

vertex635
001504.0 003111.0 1.0
Edge
0636 00

vertex636
001717.0 003189.0 1.0
Edge
0637 00

vertex637
001907.0 003165.0 1.0
Edge
0638 00

vertex638
002069.0 003072.0 1.0
Edge
0639 00

vertex639
002227.0 003047.0 1.0
Edge
0640 00

vertex640
002419.0 002989.0 1.0
Edge
0641 00

vertex641
002551.0 002895.0 1.0
Edge
0642 00

vertex642
002738.0 002904.0 1.0
Edge
0643 00

vertex643
002919.0 003015.0 1.0
Edge
0644 00

vertex644
003080.0 002956.0 1.0
Edge
0645 00

vertex645
003237.0 002964.0 1.0
Edge
0646 00

vertex646
003427.0 002941.0 1.0
Edge
0647 00

vertex647
003521.0 002946.0 1.0
Edge
0648 00

vertex648
003464.0 002876.0 1.0
Edge
0649 00

vertex649
003314.0 002766.0 1.0
Edge
0650 00

vertex650
003133.0 002655.0 1.0
Edge
0651 00

vertex651
003015.0 002547.0 1.0
Edge
0652 00

vertex652
002865.0 002438.0 1.0
Edge
0653 00

vertex653
002780.0 002298.0 1.0
Edge
0654 00

vertex654
002695.0 002159.0 1.0
Edge
0655 00

vertex655
002519.0 001947.0 1.0
Edge
0656 00

vertex656
002402.0 001805.0 1.0
Edge
0657 00

vertex657
002314.0 001699.0 1.0
Edge
0658 00

vertex658
002342.0 001262.0 1.0
Edge
0659 00

vertex659
002222.0 001154.0 1.0
Edge
0660 00

vertex660
002135.0 001014.0 1.0
Edge
0661 00

vertex661
002083.0 000842.0 1.0
Edge
0662 00

vertex662
002186.0 000712.0 1.0
Edge
0663 00

vertex663
002196.0 000543.0 1.0
Edge
0664 00

vertex664
002206.0 000375.0 1.0
Edge
0665 00

vertex665
002285.0 000108.0 1.0
Edge
0666 00

vertex666
002448.0 000048.0 1.0
Edge
0667 00

vertex667
002581.0 -00047.0 1.0
Edge
0668 00

vertex668
002719.0 -00209.0 1.0
Edge
0669 00

vertex669
002852.0 -00304.0 1.0
Edge
0670 00

vertex670
003018.0 -00398.0 1.0
Edge
0671 00

vertex671
003060.0 -00565.0 1.0
Edge
0672 00

vertex672
003068.0 -00700.0 1.0
Edge
0673 00

vertex673
000272.0 -00908.0 1.0
Edge
0674 00

vertex674
000265.0 000515.0 1.0
Edge
0675 00

vertex675
000134.0 000610.0 1.0
Edge
0676 00

vertex676
000031.0 000775.0 1.0
Edge
0677 00

vertex677
000150.0 000916.0 1.0
Edge
0678 00

vertex678
000145.0 001017.0 1.0
Edge
0679 00

vertex679
000145.0 001017.0 1.0
Edge
0680 00

vertex680
000133.0 001253.0 1.0
Edge
0681 00

vertex681
000062.0 001419.0 1.0
Edge
0682 00

vertex682
000019.0 001653.0 1.0
Edge
0683 00

vertex683
-00003.0 002091.0 1.0
Edge
0684 00

vertex684
-00122.0 002592.0 1.0
Edge
0685 00

vertex685
-00193.0 002758.0 1.0
Edge
0686 00

vertex686
-00218.0 003263.0 1.0
Edge
0687 00

vertex687
-00257.0 003430.0 1.0
Edge
0688 00

fake688
-00257.0 003430.0 1.0

/Iowa18
000272.0 -00908.0 1.0
Edge
0690 00

vertex690
003068.0 -00700.0 1.0
Edge
0691 00

vertex691
003070.0 -00734.0 1.0
Edge
0692 00

vertex692
003176.0 -00898.0 1.0
Edge
0693 00

vertex693
003187.0 -01068.0 1.0
Edge
0694 00

vertex694
003263.0 -01268.0 1.0
Edge
0695 00

vertex695
003429.0 -01362.0 1.0
Edge
0696 00

vertex696
003567.0 -01525.0 1.0
Edge
0697 00

vertex697
003738.0 -01686.0 1.0
Edge
0698 00

vertex698
003819.0 -01955.0 1.0
Edge
0699 00

vertex699
003734.0 -02163.0 1.0
Edge
0700 00

vertex700
003518.0 -02311.0 1.0
Edge
0701 00

vertex701
003365.0 -02455.0 1.0
Edge
0702 00

vertex702
003473.0 -02654.0 1.0
Edge
0703 00

vertex703
003450.0 -02826.0 1.0
Edge
0704 00

vertex704
003364.0 -03002.0 1.0
Edge
0705 00

vertex705
003277.0 -03177.0 1.0
Edge
0706 00

vertex706
003250.0 -03281.0 1.0
Edge
0707 00

vertex707
003080.0 -03119.0 1.0
Edge
0708 00

vertex708
000807.0 -03299.0 1.0
Edge
0709 00

vertex709
000803.0 -03231.0 1.0
Edge
0710 00

vertex710
000731.0 -03064.0 1.0
Edge
0711 00

vertex711
000691.0 -02896.0 1.0
Edge
0712 00

vertex712
000674.0 -02555.0 1.0
Edge
0713 00

vertex713
000571.0 -02424.0 1.0
Edge
0714 00

vertex714
000563.0 -02254.0 1.0
Edge
0715 00

vertex715
000313.0 -01721.0 1.0
Edge
0716 00

vertex716
000275.0 -01587.0 1.0
Edge
0717 00

vertex717
000272.0 -00908.0 1.0
Edge
0718 00

fake718
000272.0 -00908.0 1.0

/Missouri19
000807.0 -03299.0 1.0
Edge
0720 00

vertex720
003080.0 -03119.0 1.0
Edge
0721 00

vertex721
003250.0 -03281.0 1.0
Edge
0722 00

vertex722
003224.0 -03385.0 1.0
Edge
0723 00

vertex723
003299.0 -03587.0 1.0
Edge
0724 00

vertex724
003375.0 -03789.0 1.0
Edge
0725 00

vertex725
003539.0 -03849.0 1.0
Edge
0726 00

vertex726
003644.0 -03981.0 1.0
Edge
0727 00

vertex727
003782.0 -04146.0 1.0
Edge
0728 00

vertex728
003791.0 -04318.0 1.0
Edge
0729 00

vertex729
003953.0 -04310.0 1.0
Edge
0730 00

vertex730
004116.0 -04336.0 1.0
Edge
0731 00

vertex731
004126.0 -04507.0 1.0
Edge
0732 00

vertex732
004070.0 -04682.0 1.0
Edge
0733 00

vertex733
004048.0 -04890.0 1.0
Edge
0734 00

vertex734
004217.0 -05019.0 1.0
Edge
0735 00

vertex735
004385.0 -05115.0 1.0
Edge
0736 00

vertex736
004522.0 -05246.0 1.0
Edge
0737 00

vertex737
004626.0 -05380.0 1.0
Edge
0738 00

vertex738
004636.0 -05587.0 1.0
Edge
0739 00

vertex739
004741.0 -05720.0 1.0
Edge
0740 00

vertex740
004917.0 -05821.0 1.0
Edge
0741 00

vertex741
004944.0 -05883.0 1.0
Edge
0742 00

vertex742
004890.0 -06094.0 1.0
Edge
0743 00

vertex743
004797.0 -06203.0 1.0
Edge
0744 00

vertex744
004676.0 -06381.0 1.0
Edge
0745 00

vertex745
004717.0 -06553.0 1.0
Edge
0746 00

vertex746
004672.0 -06693.0 1.0
Edge
0747 00

vertex747
004461.0 -06670.0 1.0
Edge
0748 00

vertex748
004233.0 -06646.0 1.0
Edge
0749 00

vertex749
004356.0 -06501.0 1.0
Edge
0750 00

vertex750
004312.0 -06260.0 1.0
Edge
0751 00

vertex751
001634.0 -06491.0 1.0
Edge
0752 00

vertex752
001617.0 -06111.0 1.0
Edge
0753 00

vertex753
001634.0 -06491.0 1.0
Edge
0754 00

vertex754
001503.0 -04395.0 1.0
Edge
0755 00

vertex755
001370.0 -04299.0 1.0
Edge
0756 00

vertex756
001266.0 -04167.0 1.0
Edge
0757 00

vertex757
001226.0 -03998.0 1.0
Edge
0758 00

vertex758
001316.0 -03856.0 1.0
Edge
0759 00

vertex759
001182.0 -03760.0 1.0
Edge
0760 00

vertex760
001019.0 -03699.0 1.0
Edge
0761 00

vertex761
000946.0 -03532.0 1.0
Edge
0762 00

vertex762
000811.0 -03401.0 1.0
Edge
0763 00

vertex763
000807.0 -03299.0 1.0
Edge
0764 00

fake764
000807.0 -03299.0 1.0

/Arkansas20
001634.0 -06491.0 1.0
Edge
0766 00

vertex766
004312.0 -06260.0 1.0
Edge
0767 00

vertex767
004356.0 -06501.0 1.0
Edge
0768 00

vertex768
004233.0 -06646.0 1.0
Edge
0769 00

vertex769
004461.0 -06670.0 1.0
Edge
0770 00

vertex770
004672.0 -06693.0 1.0
Edge
0771 00

vertex771
004660.0 -06730.0 1.0
Edge
0772 00

vertex772
004539.0 -06944.0 1.0
Edge
0773 00

vertex773
004486.0 -07191.0 1.0
Edge
0774 00

vertex774
004495.0 -07399.0 1.0
Edge
0775 00

vertex775
004370.0 -07510.0 1.0
Edge
0776 00

vertex776
004313.0 -07687.0 1.0
Edge
0777 00

vertex777
004224.0 -07900.0 1.0
Edge
0778 00

vertex778
004167.0 -08078.0 1.0
Edge
0779 00

vertex779
004075.0 -08222.0 1.0
Edge
0780 00

vertex780
003984.0 -08366.0 1.0
Edge
0781 00

vertex781
003959.0 -08542.0 1.0
Edge
0782 00

vertex782
004003.0 -08821.0 1.0
Edge
0783 00

vertex783
003978.0 -09033.0 1.0
Edge
0784 00

vertex784
004027.0 -09172.0 1.0
Edge
0785 00

vertex785
003757.0 -09183.0 1.0
Edge
0786 00

vertex786
003467.0 -09231.0 1.0
Edge
0787 00

vertex787
003305.0 -09238.0 1.0
Edge
0788 00

vertex788
002982.0 -09253.0 1.0
Edge
0789 00

vertex789
002789.0 -09262.0 1.0
Edge
0790 00

vertex790
002562.0 -09272.0 1.0
Edge
0791 00

vertex791
002370.0 -09316.0 1.0
Edge
0792 00

vertex792
002209.0 -09324.0 1.0
Edge
0793 00

vertex793
002137.0 -09151.0 1.0
Edge
0794 00

vertex794
002161.0 -08939.0 1.0
Edge
0795 00

vertex795
001996.0 -08877.0 1.0
Edge
0796 00

vertex796
001832.0 -08814.0 1.0
Edge
0797 00

vertex797
001771.0 -07386.0 1.0
Edge
0798 00

vertex798
001719.0 -06937.0 1.0
Edge
0799 00

vertex799
001634.0 -06491.0 1.0
Edge
0800 00

fake800
001634.0 -06491.0 1.0

/Louisiana21
002209.0 -09324.0 1.0
Edge
0802 00

vertex802
002370.0 -09316.0 1.0
Edge
0803 00

vertex803
002562.0 -09272.0 1.0
Edge
0804 00

vertex804
002789.0 -09262.0 1.0
Edge
0805 00

vertex805
002982.0 -09253.0 1.0
Edge
0806 00

vertex806
003305.0 -09238.0 1.0
Edge
0807 00

vertex807
003467.0 -09231.0 1.0
Edge
0808 00

vertex808
003757.0 -09183.0 1.0
Edge
0809 00

vertex809
004027.0 -09172.0 1.0
Edge
0810 00

vertex810
004052.0 -09241.0 1.0
Edge
0811 00

vertex811
004060.0 -09452.0 1.0
Edge
0812 00

vertex812
004099.0 -09627.0 1.0
Edge
0813 00

vertex813
004141.0 -09872.0 1.0
Edge
0814 00

vertex814
004019.0 -10090.0 1.0
Edge
0815 00

vertex815
003933.0 -10377.0 1.0
Edge
0816 00

vertex816
003908.0 -10591.0 1.0
Edge
0817 00

vertex817
003816.0 -10737.0 1.0
Edge
0818 00

vertex818
003949.0 -10838.0 1.0
Edge
0819 00

vertex819
004919.0 -10728.0 1.0
Edge
0820 00

vertex820
005080.0 -10793.0 1.0
Edge
0821 00

vertex821
005023.0 -10973.0 1.0
Edge
0822 00

vertex822
005155.0 -11147.0 1.0
Edge
0823 00

vertex823
005225.0 -11323.0 1.0
Edge
0824 00

vertex824
005194.0 -11359.0 1.0
Edge
0825 00

vertex825
005034.0 -11330.0 1.0
Edge
0826 00

vertex826
004838.0 -11230.0 1.0
Edge
0827 00

vertex827
004745.0 -11376.0 1.0
Edge
0828 00

vertex828
004848.0 -11551.0 1.0
Edge
0829 00

vertex829
005008.0 -11509.0 1.0
Edge
0830 00

vertex830
005195.0 -11395.0 1.0
Edge
0831 00

vertex831
005072.0 -11543.0 1.0
Edge
0832 00

vertex832
005203.0 -11646.0 1.0
Edge
0833 00

vertex833
005293.0 -11499.0 1.0
Edge
0834 00

vertex834
005456.0 -11601.0 1.0
Edge
0835 00

vertex835
005364.0 -11747.0 1.0
Edge
0836 00

vertex836
005208.0 -11825.0 1.0
Edge
0837 00

vertex837
005307.0 -11965.0 1.0
Edge
0838 00

vertex838
005469.0 -12067.0 1.0
Edge
0839 00

vertex839
005662.0 -12132.0 1.0
Edge
0840 00

vertex840
005603.0 -12314.0 1.0
Edge
0841 00

vertex841
005415.0 -12393.0 1.0
Edge
0842 00

vertex842
005506.0 -12245.0 1.0
Edge
0843 00

vertex843
005344.0 -12143.0 1.0
Edge
0844 00

vertex844
005152.0 -12114.0 1.0
Edge
0845 00

vertex845
005053.0 -11974.0 1.0
Edge
0846 00

vertex846
004893.0 -11944.0 1.0
Edge
0847 00

vertex847
005024.0 -12047.0 1.0
Edge
0848 00

vertex848
005028.0 -12226.0 1.0
Edge
0849 00

vertex849
004904.0 -12339.0 1.0
Edge
0850 00

vertex850
004802.0 -12163.0 1.0
Edge
0851 00

vertex851
004642.0 -12241.0 1.0
Edge
0852 00

vertex852
004550.0 -12388.0 1.0
Edge
0853 00

vertex853
004353.0 -12287.0 1.0
Edge
0854 00

vertex854
004158.0 -12258.0 1.0
Edge
0855 00

vertex855
004185.0 -12078.0 1.0
Edge
0856 00

vertex856
003990.0 -12050.0 1.0
Edge
0857 00

vertex857
003952.0 -11872.0 1.0
Edge
0858 00

vertex858
003791.0 -11915.0 1.0
Edge
0859 00

vertex859
003597.0 -11922.0 1.0
Edge
0860 00

vertex860
003730.0 -12024.0 1.0
Edge
0861 00

vertex861
003893.0 -12053.0 1.0
Edge
0862 00

vertex862
003732.0 -12096.0 1.0
Edge
0863 00

vertex863
003538.0 -12068.0 1.0
Edge
0864 00

vertex864
003377.0 -12074.0 1.0
Edge
0865 00

vertex865
003214.0 -12045.0 1.0
Edge
0866 00

vertex866
003019.0 -11982.0 1.0
Edge
0867 00

vertex867
002855.0 -11917.0 1.0
Edge
0868 00

vertex868
002696.0 -11960.0 1.0
Edge
0869 00

vertex869
002503.0 -12004.0 1.0
Edge
0870 00

vertex870
002440.0 -12043.0 1.0
Edge
0871 00

vertex871
002465.0 -11827.0 1.0
Edge
0872 00

vertex872
002523.0 -11646.0 1.0
Edge
0873 00

vertex873
002484.0 -11469.0 1.0
Edge
0874 00

vertex874
002511.0 -11290.0 1.0
Edge
0875 00

vertex875
002567.0 -11074.0 1.0
Edge
0876 00

vertex876
002590.0 -10825.0 1.0
Edge
0877 00

vertex877
002488.0 -10687.0 1.0
Edge
0878 00

vertex878
002417.0 -10514.0 1.0
Edge
0879 00

vertex879
002343.0 -10269.0 1.0
Edge
0880 00

vertex880
002239.0 -10097.0 1.0
Edge
0881 00

vertex881
002231.0 -09886.0 1.0
Edge
0882 00

vertex882
002190.0 -09676.0 1.0
Edge
0883 00

vertex883
002216.0 -09499.0 1.0
Edge
0884 00

vertex884
002209.0 -09324.0 1.0
Edge
0885 00

fake885
002209.0 -09324.0 1.0

/Wisconsin22
002402.0 001805.0 1.0
Edge
0887 00

vertex887
002561.0 001780.0 1.0
Edge
0888 00

vertex888
002746.0 001857.0 1.0
Edge
0889 00

vertex889
003022.0 001973.0 1.0
Edge
0890 00

vertex890
003002.0 001803.0 1.0
Edge
0891 00

vertex891
003197.0 001746.0 1.0
Edge
0892 00

vertex892
003240.0 001758.0 1.0
Edge
0893 00

vertex893
003325.0 001719.0 1.0
Edge
0894 00

vertex894
003461.0 001591.0 1.0
Edge
0895 00

vertex895
003782.0 001541.0 1.0
Edge
0896 00

vertex896
003974.0 001517.0 1.0
Edge
0897 00

vertex897
004108.0 001423.0 1.0
Edge
0898 00

vertex898
004298.0 001433.0 1.0
Edge
0899 00

vertex899
004462.0 001374.0 1.0
Edge
0900 00

vertex900
004629.0 001282.0 1.0
Edge
0901 00

vertex901
004673.0 001115.0 1.0
Edge
0902 00

vertex902
004778.0 000986.0 1.0
Edge
0903 00

vertex903
004855.0 000820.0 1.0
Edge
0904 00

vertex904
004863.0 000719.0 1.0
Edge
0905 00

vertex905
004776.0 000579.0 1.0
Edge
0906 00

vertex906
004693.0 000405.0 1.0
Edge
0907 00

vertex907
004848.0 000481.0 1.0
Edge
0908 00

vertex908
004965.0 000623.0 1.0
Edge
0909 00

vertex909
005071.0 000459.0 1.0
Edge
0910 00

vertex910
004993.0 000217.0 1.0
Edge
0911 00

vertex911
005005.0 000048.0 1.0
Edge
0912 00

vertex912
004957.0 -00158.0 1.0
Edge
0913 00

vertex913
005002.0 -00360.0 1.0
Edge
0914 00

vertex914
004956.0 -00601.0 1.0
Edge
0915 00

vertex915
004936.0 -00772.0 1.0
Edge
0916 00

vertex916
005012.0 -00972.0 1.0
Edge
0917 00

vertex917
005054.0 -01139.0 1.0
Edge
0918 00

vertex918
005085.0 -01275.0 1.0
Edge
0919 00

vertex919
003511.0 -01459.0 1.0
Edge
0920 00

vertex920
003429.0 -01362.0 1.0
Edge
0921 00

vertex921
003263.0 -01268.0 1.0
Edge
0922 00

vertex922
003187.0 -01068.0 1.0
Edge
0923 00

vertex923
003176.0 -00898.0 1.0
Edge
0924 00

vertex924
003070.0 -00734.0 1.0
Edge
0925 00

vertex925
003068.0 -00700.0 1.0
Edge
0926 00

vertex926
003060.0 -00565.0 1.0
Edge
0927 00

vertex927
003018.0 -00398.0 1.0
Edge
0928 00

vertex928
002852.0 -00304.0 1.0
Edge
0929 00

vertex929
002719.0 -00209.0 1.0
Edge
0930 00

vertex930
002581.0 -00047.0 1.0
Edge
0931 00

vertex931
002448.0 000048.0 1.0
Edge
0932 00

vertex932
002285.0 000108.0 1.0
Edge
0933 00

vertex933
002206.0 000375.0 1.0
Edge
0934 00

vertex934
002196.0 000543.0 1.0
Edge
0935 00

vertex935
002186.0 000712.0 1.0
Edge
0936 00

vertex936
002083.0 000842.0 1.0
Edge
0937 00

vertex937
002135.0 001014.0 1.0
Edge
0938 00

vertex938
002222.0 001154.0 1.0
Edge
0939 00

vertex939
002342.0 001262.0 1.0
Edge
0940 00

vertex940
002314.0 001699.0 1.0
Edge
0941 00

vertex941
002402.0 001805.0 1.0
Edge
0942 00

fake942
002402.0 001805.0 1.0

/Illinois23
003511.0 -01459.0 1.0
Edge
0944 00

vertex944
005085.0 -01275.0 1.0
Edge
0945 00

vertex945
005100.0 -01342.0 1.0
Edge
0946 00

vertex946
005079.0 -01513.0 1.0
Edge
0947 00

vertex947
005216.0 -01676.0 1.0
Edge
0948 00

vertex948
005290.0 -01843.0 1.0
Edge
0949 00

vertex949
005559.0 -03644.0 1.0
Edge
0950 00

vertex950
005537.0 -03817.0 1.0
Edge
0951 00

vertex951
005547.0 -03989.0 1.0
Edge
0952 00

vertex952
005650.0 -04122.0 1.0
Edge
0953 00

vertex953
005630.0 -04329.0 1.0
Edge
0954 00

vertex954
005545.0 -04540.0 1.0
Edge
0955 00

vertex955
005458.0 -04683.0 1.0
Edge
0956 00

vertex956
005466.0 -04855.0 1.0
Edge
0957 00

vertex957
005444.0 -05029.0 1.0
Edge
0958 00

vertex958
005389.0 -05204.0 1.0
Edge
0959 00

vertex959
005334.0 -05380.0 1.0
Edge
0960 00

vertex960
005245.0 -05522.0 1.0
Edge
0961 00

vertex961
005254.0 -05695.0 1.0
Edge
0962 00

vertex962
005059.0 -05635.0 1.0
Edge
0963 00

vertex963
004871.0 -05714.0 1.0
Edge
0964 00

vertex964
004917.0 -05821.0 1.0
Edge
0965 00

vertex965
004741.0 -05720.0 1.0
Edge
0966 00

vertex966
004636.0 -05587.0 1.0
Edge
0967 00

vertex967
004626.0 -05380.0 1.0
Edge
0968 00

vertex968
004522.0 -05246.0 1.0
Edge
0969 00

vertex969
004385.0 -05115.0 1.0
Edge
0970 00

vertex970
004217.0 -05019.0 1.0
Edge
0971 00

vertex971
004048.0 -04890.0 1.0
Edge
0972 00

vertex972
004070.0 -04682.0 1.0
Edge
0973 00

vertex973
004126.0 -04507.0 1.0
Edge
0974 00

vertex974
004116.0 -04336.0 1.0
Edge
0975 00

vertex975
003953.0 -04310.0 1.0
Edge
0976 00

vertex976
003791.0 -04318.0 1.0
Edge
0977 00

vertex977
003782.0 -04146.0 1.0
Edge
0978 00

vertex978
003644.0 -03981.0 1.0
Edge
0979 00

vertex979
003539.0 -03849.0 1.0
Edge
0980 00

vertex980
003375.0 -03789.0 1.0
Edge
0981 00

vertex981
003299.0 -03587.0 1.0
Edge
0982 00

vertex982
003224.0 -03385.0 1.0
Edge
0983 00

vertex983
003250.0 -03281.0 1.0
Edge
0984 00

vertex984
003277.0 -03177.0 1.0
Edge
0985 00

vertex985
003364.0 -03002.0 1.0
Edge
0986 00

vertex986
003450.0 -02826.0 1.0
Edge
0987 00

vertex987
003473.0 -02654.0 1.0
Edge
0988 00

vertex988
003365.0 -02455.0 1.0
Edge
0989 00

vertex989
003518.0 -02311.0 1.0
Edge
0990 00

vertex990
003734.0 -02163.0 1.0
Edge
0991 00

vertex991
003819.0 -01955.0 1.0
Edge
0992 00

vertex992
003738.0 -01686.0 1.0
Edge
0993 00

vertex993
003567.0 -01525.0 1.0
Edge
0994 00

vertex994
003511.0 -01459.0 1.0
Edge
0995 00

fake995
003511.0 -01459.0 1.0

/Michigan24
003240.0 001758.0 1.0
Edge
0997 00

vertex997
003352.0 001788.0 1.0
Edge
0998 00

vertex998
003471.0 001895.0 1.0
Edge
0999 00

vertex999
003653.0 002007.0 1.0
Edge
1000 00

vertex1000
003806.0 002083.0 1.0
Edge
1001 00

vertex1001
003925.0 002191.0 1.0
Edge
1002 00

vertex1002
004041.0 002333.0 1.0
Edge
1003 00

vertex1003
004154.0 002508.0 1.0
Edge
1004 00

vertex1004
004273.0 002616.0 1.0
Edge
1005 00

vertex1005
004428.0 002659.0 1.0
Edge
1006 00

vertex1006
004346.0 002485.0 1.0
Edge
1007 00

vertex1007
004262.0 002345.0 1.0
Edge
1008 00

vertex1008
004211.0 002173.0 1.0
Edge
1009 00

vertex1009
004367.0 002215.0 1.0
Edge
1010 00

vertex1010
004531.0 002157.0 1.0
Edge
1011 00

vertex1011
004694.0 002099.0 1.0
Edge
1012 00

vertex1012
004799.0 001969.0 1.0
Edge
1013 00

vertex1013
004960.0 001944.0 1.0
Edge
1014 00

vertex1014
005149.0 001921.0 1.0
Edge
1015 00

vertex1015
005266.0 002030.0 1.0
Edge
1016 00

vertex1016
005382.0 002139.0 1.0
Edge
1017 00

vertex1017
005538.0 002148.0 1.0
Edge
1018 00

vertex1018
005691.0 002191.0 1.0
Edge
1019 00

vertex1019
005807.0 002299.0 1.0
Edge
1020 00

vertex1020
005960.0 002343.0 1.0
Edge
1021 00

vertex1021
005974.0 002175.0 1.0
Edge
1022 00

vertex1022
006136.0 002117.0 1.0
Edge
1023 00

vertex1023
006293.0 002126.0 1.0
Edge
1024 00

vertex1024
006427.0 002033.0 1.0
Edge
1025 00

vertex1025
006532.0 001904.0 1.0
Edge
1026 00

vertex1026
006450.0 001763.0 1.0
Edge
1027 00

vertex1027
006293.0 001753.0 1.0
Edge
1028 00

vertex1028
006210.0 001612.0 1.0
Edge
1029 00

vertex1029
006076.0 001706.0 1.0
Edge
1030 00

vertex1030
005914.0 001764.0 1.0
Edge
1031 00

vertex1031
005761.0 001721.0 1.0
Edge
1032 00

vertex1032
005643.0 001612.0 1.0
Edge
1033 00

vertex1033
005490.0 001569.0 1.0
Edge
1034 00

vertex1034
005376.0 001427.0 1.0
Edge
1035 00

vertex1035
005261.0 001285.0 1.0
Edge
1036 00

vertex1036
005310.0 001457.0 1.0
Edge
1037 00

vertex1037
005165.0 001313.0 1.0
Edge
1038 00

vertex1038
005090.0 001478.0 1.0
Edge
1039 00

vertex1039
005043.0 001272.0 1.0
Edge
1040 00

vertex1040
004966.0 001030.0 1.0
Edge
1041 00

vertex1041
004855.0 000820.0 1.0
Edge
1042 00

vertex1042
004778.0 000986.0 1.0
Edge
1043 00

vertex1043
004673.0 001115.0 1.0
Edge
1044 00

vertex1044
004629.0 001282.0 1.0
Edge
1045 00

vertex1045
004462.0 001374.0 1.0
Edge
1046 00

vertex1046
004298.0 001433.0 1.0
Edge
1047 00

vertex1047
004108.0 001423.0 1.0
Edge
1048 00

vertex1048
003974.0 001517.0 1.0
Edge
1049 00

vertex1049
003782.0 001541.0 1.0
Edge
1050 00

vertex1050
003461.0 001591.0 1.0
Edge
1051 00

vertex1051
003325.0 001719.0 1.0
Edge
1052 00

vertex1052
003240.0 001758.0 1.0
Edge
1053 00

fake1053
003240.0 001758.0 1.0

/Michigan25
006087.0 001571.0 1.0
Edge
1055 00

vertex1055
006278.0 001549.0 1.0
Edge
1056 00

vertex1056
006469.0 001526.0 1.0
Edge
1057 00

vertex1057
006603.0 001433.0 1.0
Edge
1058 00

vertex1058
006764.0 001409.0 1.0
Edge
1059 00

vertex1059
006924.0 001385.0 1.0
Edge
1060 00

vertex1060
007030.0 001256.0 1.0
Edge
1061 00

vertex1061
007013.0 001085.0 1.0
Edge
1062 00

vertex1062
007122.0 000921.0 1.0
Edge
1063 00

vertex1063
007168.0 000755.0 1.0
Edge
1064 00

vertex1064
007150.0 000583.0 1.0
Edge
1065 00

vertex1065
007103.0 000376.0 1.0
Edge
1066 00

vertex1066
006984.0 000267.0 1.0
Edge
1067 00

vertex1067
006968.0 000061.0 1.0
Edge
1068 00

vertex1068
007103.0 -00033.0 1.0
Edge
1069 00

vertex1069
007220.0 000110.0 1.0
Edge
1070 00

vertex1070
007206.0 000280.0 1.0
Edge
1071 00

vertex1071
007354.0 000426.0 1.0
Edge
1072 00

vertex1072
007516.0 000402.0 1.0
Edge
1073 00

vertex1073
007623.0 000272.0 1.0
Edge
1074 00

vertex1074
007703.0 000072.0 1.0
Edge
1075 00

vertex1075
007786.0 -00162.0 1.0
Edge
1076 00

vertex1076
007892.0 -00291.0 1.0
Edge
1077 00

vertex1077
007874.0 -00464.0 1.0
Edge
1078 00

vertex1078
007887.0 -00634.0 1.0
Edge
1079 00

vertex1079
007732.0 -00712.0 1.0
Edge
1080 00

vertex1080
007714.0 -00884.0 1.0
Edge
1081 00

vertex1081
007628.0 -01026.0 1.0
Edge
1082 00

vertex1082
007609.0 -01198.0 1.0
Edge
1083 00

vertex1083
007525.0 -01375.0 1.0
Edge
1084 00

vertex1084
007631.0 -01505.0 1.0
Edge
1085 00

vertex1085
006775.0 -01658.0 1.0
Edge
1086 00

vertex1086
006769.0 -01556.0 1.0
Edge
1087 00

vertex1087
005697.0 -01752.0 1.0
Edge
1088 00

vertex1088
005756.0 -01681.0 1.0
Edge
1089 00

vertex1089
005838.0 -01471.0 1.0
Edge
1090 00

vertex1090
005885.0 -01230.0 1.0
Edge
1091 00

vertex1091
005905.0 -01058.0 1.0
Edge
1092 00

vertex1092
005891.0 -00854.0 1.0
Edge
1093 00

vertex1093
005816.0 -00688.0 1.0
Edge
1094 00

vertex1094
005709.0 -00524.0 1.0
Edge
1095 00

vertex1095
005634.0 -00358.0 1.0
Edge
1096 00

vertex1096
005619.0 -00155.0 1.0
Edge
1097 00

vertex1097
005576.0 000013.0 1.0
Edge
1098 00

vertex1098
005624.0 000220.0 1.0
Edge
1099 00

vertex1099
005638.0 000458.0 1.0
Edge
1100 00

vertex1100
005656.0 000629.0 1.0
Edge
1101 00

vertex1101
005736.0 000837.0 1.0
Edge
1102 00

vertex1102
005850.0 000980.0 1.0
Edge
1103 00

vertex1103
005895.0 000813.0 1.0
Edge
1104 00

vertex1104
006057.0 000755.0 1.0
Edge
1105 00

vertex1105
006013.0 000922.0 1.0
Edge
1106 00

vertex1106
006000.0 001090.0 1.0
Edge
1107 00

vertex1107
006114.0 001233.0 1.0
Edge
1108 00

vertex1108
006069.0 001400.0 1.0
Edge
1109 00

vertex1109
006087.0 001571.0 1.0
Edge
1110 00

fake1110
006087.0 001571.0 1.0

/Indiana26
005290.0 -01843.0 1.0
Edge
1112 00

vertex1112
005423.0 -01938.0 1.0
Edge
1113 00

vertex1113
005609.0 -01859.0 1.0
Edge
1114 00

vertex1114
005697.0 -01752.0 1.0
Edge
1115 00

vertex1115
006769.0 -01556.0 1.0
Edge
1116 00

vertex1116
006775.0 -01658.0 1.0
Edge
1117 00

vertex1117
007195.0 -03661.0 1.0
Edge
1118 00

vertex1118
007175.0 -03869.0 1.0
Edge
1119 00

vertex1119
007025.0 -04050.0 1.0
Edge
1120 00

vertex1120
006869.0 -04127.0 1.0
Edge
1121 00

vertex1121
006754.0 -04375.0 1.0
Edge
1122 00

vertex1122
006673.0 -04656.0 1.0
Edge
1123 00

vertex1123
006451.0 -04702.0 1.0
Edge
1124 00

vertex1124
006329.0 -04812.0 1.0
Edge
1125 00

vertex1125
006171.0 -04854.0 1.0
Edge
1126 00

vertex1126
006015.0 -04931.0 1.0
Edge
1127 00

vertex1127
005853.0 -04905.0 1.0
Edge
1128 00

vertex1128
005693.0 -04913.0 1.0
Edge
1129 00

vertex1129
005537.0 -04990.0 1.0
Edge
1130 00

vertex1130
005444.0 -05029.0 1.0
Edge
1131 00

vertex1131
005466.0 -04855.0 1.0
Edge
1132 00

vertex1132
005458.0 -04683.0 1.0
Edge
1133 00

vertex1133
005545.0 -04540.0 1.0
Edge
1134 00

vertex1134
005630.0 -04329.0 1.0
Edge
1135 00

vertex1135
005650.0 -04122.0 1.0
Edge
1136 00

vertex1136
005547.0 -03989.0 1.0
Edge
1137 00

vertex1137
005537.0 -03817.0 1.0
Edge
1138 00

vertex1138
005559.0 -03644.0 1.0
Edge
1139 00

vertex1139
005290.0 -01843.0 1.0
Edge
1140 00

fake1140
005290.0 -01843.0 1.0

/Kentucky27
004797.0 -06203.0 1.0
Edge
1142 00

vertex1142
004890.0 -06094.0 1.0
Edge
1143 00

vertex1143
004944.0 -05883.0 1.0
Edge
1144 00

vertex1144
004917.0 -05821.0 1.0
Edge
1145 00

vertex1145
004871.0 -05714.0 1.0
Edge
1146 00

vertex1146
005059.0 -05635.0 1.0
Edge
1147 00

vertex1147
005254.0 -05695.0 1.0
Edge
1148 00

vertex1148
005245.0 -05522.0 1.0
Edge
1149 00

vertex1149
005334.0 -05380.0 1.0
Edge
1150 00

vertex1150
005389.0 -05204.0 1.0
Edge
1151 00

vertex1151
005444.0 -05029.0 1.0
Edge
1152 00

vertex1152
005537.0 -04990.0 1.0
Edge
1153 00

vertex1153
005693.0 -04913.0 1.0
Edge
1154 00

vertex1154
005853.0 -04905.0 1.0
Edge
1155 00

vertex1155
006015.0 -04931.0 1.0
Edge
1156 00

vertex1156
006171.0 -04854.0 1.0
Edge
1157 00

vertex1157
006329.0 -04812.0 1.0
Edge
1158 00

vertex1158
006451.0 -04702.0 1.0
Edge
1159 00

vertex1159
006673.0 -04656.0 1.0
Edge
1160 00

vertex1160
006754.0 -04375.0 1.0
Edge
1161 00

vertex1161
006869.0 -04127.0 1.0
Edge
1162 00

vertex1162
007025.0 -04050.0 1.0
Edge
1163 00

vertex1163
007175.0 -03869.0 1.0
Edge
1164 00

vertex1164
007195.0 -03661.0 1.0
Edge
1165 00

vertex1165
007358.0 -03687.0 1.0
Edge
1166 00

vertex1166
007596.0 -03882.0 1.0
Edge
1167 00

vertex1167
007761.0 -03942.0 1.0
Edge
1168 00

vertex1168
007920.0 -03899.0 1.0
Edge
1169 00

vertex1169
008084.0 -03925.0 1.0
Edge
1170 00

vertex1170
008207.0 -03814.0 1.0
Edge
1171 00

vertex1171
008372.0 -03874.0 1.0
Edge
1172 00

vertex1172
008581.0 -04039.0 1.0
Edge
1173 00

vertex1173
008554.0 -04176.0 1.0
Edge
1174 00

vertex1174
008659.0 -04310.0 1.0
Edge
1175 00

vertex1175
008799.0 -04476.0 1.0
Edge
1176 00

vertex1176
008970.0 -04606.0 1.0
Edge
1177 00

vertex1177
008950.0 -04817.0 1.0
Edge
1178 00

vertex1178
008760.0 -04931.0 1.0
Edge
1179 00

vertex1179
008638.0 -05077.0 1.0
Edge
1180 00

vertex1180
008520.0 -05292.0 1.0
Edge
1181 00

vertex1181
008430.0 -05436.0 1.0
Edge
1182 00

vertex1182
008272.0 -05514.0 1.0
Edge
1183 00

vertex1183
008162.0 -05601.0 1.0
Edge
1184 00

vertex1184
008018.0 -05630.0 1.0
Edge
1185 00

vertex1185
005372.0 -06140.0 1.0
Edge
1186 00

vertex1186
004797.0 -06203.0 1.0
Edge
1187 00

fake1187
004797.0 -06203.0 1.0

/Tennessee28
004797.0 -06203.0 1.0
Edge
1189 00

vertex1189
005372.0 -06140.0 1.0
Edge
1190 00

vertex1190
008018.0 -05630.0 1.0
Edge
1191 00

vertex1191
008162.0 -05601.0 1.0
Edge
1192 00

vertex1192
009372.0 -05353.0 1.0
Edge
1193 00

vertex1193
009349.0 -05530.0 1.0
Edge
1194 00

vertex1194
009258.0 -05674.0 1.0
Edge
1195 00

vertex1195
009134.0 -05785.0 1.0
Edge
1196 00

vertex1196
008946.0 -05935.0 1.0
Edge
1197 00

vertex1197
008754.0 -06014.0 1.0
Edge
1198 00

vertex1198
008632.0 -06195.0 1.0
Edge
1199 00

vertex1199
008472.0 -06238.0 1.0
Edge
1200 00

vertex1200
008349.0 -06384.0 1.0
Edge
1201 00

vertex1201
008190.0 -06461.0 1.0
Edge
1202 00

vertex1202
008103.0 -06676.0 1.0
Edge
1203 00

vertex1203
007978.0 -06786.0 1.0
Edge
1204 00

vertex1204
007987.0 -06975.0 1.0
Edge
1205 00

vertex1205
007248.0 -07100.0 1.0
Edge
1206 00

vertex1206
005938.0 -07299.0 1.0
Edge
1207 00

vertex1207
004410.0 -07475.0 1.0
Edge
1208 00

vertex1208
004495.0 -07399.0 1.0
Edge
1209 00

vertex1209
004486.0 -07191.0 1.0
Edge
1210 00

vertex1210
004539.0 -06944.0 1.0
Edge
1211 00

vertex1211
004660.0 -06730.0 1.0
Edge
1212 00

vertex1212
004672.0 -06693.0 1.0
Edge
1213 00

vertex1213
004717.0 -06553.0 1.0
Edge
1214 00

vertex1214
004676.0 -06381.0 1.0
Edge
1215 00

vertex1215
004797.0 -06203.0 1.0
Edge
1216 00

fake1216
004797.0 -06203.0 1.0

/Mississippi29
004410.0 -07475.0 1.0
Edge
1218 00

vertex1218
005667.0 -07330.0 1.0
Edge
1219 00

vertex1219
005750.0 -07413.0 1.0
Edge
1220 00

vertex1220
005817.0 -09910.0 1.0
Edge
1221 00

vertex1221
005952.0 -11117.0 1.0
Edge
1222 00

vertex1222
005856.0 -11121.0 1.0
Edge
1223 00

vertex1223
005698.0 -11162.0 1.0
Edge
1224 00

vertex1224
005508.0 -11205.0 1.0
Edge
1225 00

vertex1225
005350.0 -11282.0 1.0
Edge
1226 00

vertex1226
005194.0 -11359.0 1.0
Edge
1227 00

vertex1227
005225.0 -11323.0 1.0
Edge
1228 00

vertex1228
005155.0 -11147.0 1.0
Edge
1229 00

vertex1229
005023.0 -10973.0 1.0
Edge
1230 00

vertex1230
005080.0 -10793.0 1.0
Edge
1231 00

vertex1231
004919.0 -10728.0 1.0
Edge
1232 00

vertex1232
003949.0 -10838.0 1.0
Edge
1233 00

vertex1233
003816.0 -10737.0 1.0
Edge
1234 00

vertex1234
003908.0 -10591.0 1.0
Edge
1235 00

vertex1235
003933.0 -10377.0 1.0
Edge
1236 00

vertex1236
004019.0 -10090.0 1.0
Edge
1237 00

vertex1237
004141.0 -09872.0 1.0
Edge
1238 00

vertex1238
004099.0 -09627.0 1.0
Edge
1239 00

vertex1239
004060.0 -09452.0 1.0
Edge
1240 00

vertex1240
004052.0 -09241.0 1.0
Edge
1241 00

vertex1241
004027.0 -09172.0 1.0
Edge
1242 00

vertex1242
003978.0 -09033.0 1.0
Edge
1243 00

vertex1243
004003.0 -08821.0 1.0
Edge
1244 00

vertex1244
003959.0 -08542.0 1.0
Edge
1245 00

vertex1245
003984.0 -08366.0 1.0
Edge
1246 00

vertex1246
004075.0 -08222.0 1.0
Edge
1247 00

vertex1247
004167.0 -08078.0 1.0
Edge
1248 00

vertex1248
004224.0 -07900.0 1.0
Edge
1249 00

vertex1249
004313.0 -07687.0 1.0
Edge
1250 00

vertex1250
004370.0 -07510.0 1.0
Edge
1251 00

vertex1251
004410.0 -07475.0 1.0
Edge
1252 00

fake1252
004410.0 -07475.0 1.0

/Alabama30
005667.0 -07330.0 1.0
Edge
1254 00

vertex1254
005938.0 -07299.0 1.0
Edge
1255 00

vertex1255
007248.0 -07100.0 1.0
Edge
1256 00

vertex1256
007285.0 -07204.0 1.0
Edge
1257 00

vertex1257
007325.0 -07377.0 1.0
Edge
1258 00

vertex1258
007399.0 -07585.0 1.0
Edge
1259 00

vertex1259
007471.0 -07758.0 1.0
Edge
1260 00

vertex1260
007511.0 -07933.0 1.0
Edge
1261 00

vertex1261
007551.0 -08142.0 1.0
Edge
1262 00

vertex1262
007626.0 -08387.0 1.0
Edge
1263 00

vertex1263
007699.0 -08596.0 1.0
Edge
1264 00

vertex1264
007771.0 -08805.0 1.0
Edge
1265 00

vertex1265
007875.0 -08979.0 1.0
Edge
1266 00

vertex1266
007946.0 -09154.0 1.0
Edge
1267 00

vertex1267
007985.0 -09330.0 1.0
Edge
1268 00

vertex1268
007894.0 -09512.0 1.0
Edge
1269 00

vertex1269
007935.0 -09759.0 1.0
Edge
1270 00

vertex1270
007973.0 -09937.0 1.0
Edge
1271 00

vertex1271
007979.0 -10115.0 1.0
Edge
1272 00

vertex1272
007984.0 -10294.0 1.0
Edge
1273 00

vertex1273
006414.0 -10529.0 1.0
Edge
1274 00

vertex1274
006553.0 -10881.0 1.0
Edge
1275 00

vertex1275
006558.0 -11060.0 1.0
Edge
1276 00

vertex1276
006401.0 -11173.0 1.0
Edge
1277 00

vertex1277
006210.0 -11216.0 1.0
Edge
1278 00

vertex1278
006368.0 -11138.0 1.0
Edge
1279 00

vertex1279
006268.0 -10998.0 1.0
Edge
1280 00

vertex1280
006198.0 -10822.0 1.0
Edge
1281 00

vertex1281
006140.0 -11003.0 1.0
Edge
1282 00

vertex1282
006016.0 -11115.0 1.0
Edge
1283 00

vertex1283
005952.0 -11117.0 1.0
Edge
1284 00

vertex1284
005817.0 -09910.0 1.0
Edge
1285 00

vertex1285
005750.0 -07413.0 1.0
Edge
1286 00

vertex1286
005667.0 -07330.0 1.0
Edge
1287 00

fake1287
005667.0 -07330.0 1.0

/Ohio31
006775.0 -01658.0 1.0
Edge
1289 00

vertex1289
007631.0 -01505.0 1.0
Edge
1290 00

vertex1290
007796.0 -01564.0 1.0
Edge
1291 00

vertex1291
007959.0 -01589.0 1.0
Edge
1292 00

vertex1292
008154.0 -01611.0 1.0
Edge
1293 00

vertex1293
008308.0 -01499.0 1.0
Edge
1294 00

vertex1294
008496.0 -01419.0 1.0
Edge
1295 00

vertex1295
008612.0 -01241.0 1.0
Edge
1296 00

vertex1296
008765.0 -01127.0 1.0
Edge
1297 00

vertex1297
008886.0 -01017.0 1.0
Edge
1298 00

vertex1298
009010.0 -00941.0 1.0
Edge
1299 00

vertex1299
009282.0 -01974.0 1.0
Edge
1300 00

vertex1300
009269.0 -02198.0 1.0
Edge
1301 00

vertex1301
009286.0 -02438.0 1.0
Edge
1302 00

vertex1302
009308.0 -02748.0 1.0
Edge
1303 00

vertex1303
009222.0 -02926.0 1.0
Edge
1304 00

vertex1304
009102.0 -03072.0 1.0
Edge
1305 00

vertex1305
008946.0 -03185.0 1.0
Edge
1306 00

vertex1306
008897.0 -03430.0 1.0
Edge
1307 00

vertex1307
008737.0 -03474.0 1.0
Edge
1308 00

vertex1308
008722.0 -03751.0 1.0
Edge
1309 00

vertex1309
008603.0 -03931.0 1.0
Edge
1310 00

vertex1310
008581.0 -04039.0 1.0
Edge
1311 00

vertex1311
008372.0 -03874.0 1.0
Edge
1312 00

vertex1312
008207.0 -03814.0 1.0
Edge
1313 00

vertex1313
008084.0 -03925.0 1.0
Edge
1314 00

vertex1314
007920.0 -03899.0 1.0
Edge
1315 00

vertex1315
007761.0 -03942.0 1.0
Edge
1316 00

vertex1316
007596.0 -03882.0 1.0
Edge
1317 00

vertex1317
007358.0 -03687.0 1.0
Edge
1318 00

vertex1318
007195.0 -03661.0 1.0
Edge
1319 00

vertex1319
006775.0 -01658.0 1.0
Edge
1320 00

fake1320
006775.0 -01658.0 1.0

/WestVirginia32
009282.0 -01974.0 1.0
Edge
1322 00

vertex1322
009465.0 -02670.0 1.0
Edge
1323 00

vertex1323
010070.0 -02493.0 1.0
Edge
1324 00

vertex1324
010129.0 -02768.0 1.0
Edge
1325 00

vertex1325
010290.0 -02724.0 1.0
Edge
1326 00

vertex1326
010413.0 -02612.0 1.0
Edge
1327 00

vertex1327
010502.0 -02467.0 1.0
Edge
1328 00

vertex1328
010671.0 -02526.0 1.0
Edge
1329 00

vertex1329
010795.0 -02414.0 1.0
Edge
1330 00

vertex1330
010957.0 -02369.0 1.0
Edge
1331 00

vertex1331
011096.0 -02464.0 1.0
Edge
1332 00

vertex1332
011204.0 -02522.0 1.0
Edge
1333 00

vertex1333
011046.0 -02676.0 1.0
Edge
1334 00

vertex1334
010813.0 -02656.0 1.0
Edge
1335 00

vertex1335
010826.0 -02829.0 1.0
Edge
1336 00

vertex1336
010706.0 -03011.0 1.0
Edge
1337 00

vertex1337
010551.0 -03159.0 1.0
Edge
1338 00

vertex1338
010470.0 -03408.0 1.0
Edge
1339 00

vertex1339
010380.0 -03552.0 1.0
Edge
1340 00

vertex1340
010211.0 -03493.0 1.0
Edge
1341 00

vertex1341
010190.0 -03668.0 1.0
Edge
1342 00

vertex1342
010140.0 -03914.0 1.0
Edge
1343 00

vertex1343
010053.0 -04094.0 1.0
Edge
1344 00

vertex1344
010001.0 -04306.0 1.0
Edge
1345 00

vertex1345
009978.0 -04482.0 1.0
Edge
1346 00

vertex1346
009786.0 -04563.0 1.0
Edge
1347 00

vertex1347
009661.0 -04674.0 1.0
Edge
1348 00

vertex1348
009402.0 -04723.0 1.0
Edge
1349 00

vertex1349
009243.0 -04801.0 1.0
Edge
1350 00

vertex1350
009076.0 -04740.0 1.0
Edge
1351 00

vertex1351
008970.0 -04606.0 1.0
Edge
1352 00

vertex1352
008799.0 -04476.0 1.0
Edge
1353 00

vertex1353
008659.0 -04310.0 1.0
Edge
1354 00

vertex1354
008554.0 -04176.0 1.0
Edge
1355 00

vertex1355
008603.0 -03931.0 1.0
Edge
1356 00

vertex1356
008722.0 -03751.0 1.0
Edge
1357 00

vertex1357
008737.0 -03474.0 1.0
Edge
1358 00

vertex1358
008897.0 -03430.0 1.0
Edge
1359 00

vertex1359
008946.0 -03185.0 1.0
Edge
1360 00

vertex1360
009102.0 -03072.0 1.0
Edge
1361 00

vertex1361
009222.0 -02926.0 1.0
Edge
1362 00

vertex1362
009308.0 -02748.0 1.0
Edge
1363 00

vertex1363
009286.0 -02438.0 1.0
Edge
1364 00

vertex1364
009269.0 -02198.0 1.0
Edge
1365 00

vertex1365
009282.0 -01974.0 1.0
Edge
1366 00

fake1366
009282.0 -01974.0 1.0

/Virginia33
008162.0 -05601.0 1.0
Edge
1368 00

vertex1368
008272.0 -05514.0 1.0
Edge
1369 00

vertex1369
008430.0 -05436.0 1.0
Edge
1370 00

vertex1370
008520.0 -05292.0 1.0
Edge
1371 00

vertex1371
008638.0 -05077.0 1.0
Edge
1372 00

vertex1372
008760.0 -04931.0 1.0
Edge
1373 00

vertex1373
008950.0 -04817.0 1.0
Edge
1374 00

vertex1374
008970.0 -04606.0 1.0
Edge
1375 00

vertex1375
009076.0 -04740.0 1.0
Edge
1376 00

vertex1376
009243.0 -04801.0 1.0
Edge
1377 00

vertex1377
009402.0 -04723.0 1.0
Edge
1378 00

vertex1378
009661.0 -04674.0 1.0
Edge
1379 00

vertex1379
009786.0 -04563.0 1.0
Edge
1380 00

vertex1380
009978.0 -04482.0 1.0
Edge
1381 00

vertex1381
010001.0 -04306.0 1.0
Edge
1382 00

vertex1382
010053.0 -04094.0 1.0
Edge
1383 00

vertex1383
010140.0 -03914.0 1.0
Edge
1384 00

vertex1384
010190.0 -03668.0 1.0
Edge
1385 00

vertex1385
010211.0 -03493.0 1.0
Edge
1386 00

vertex1386
010380.0 -03552.0 1.0
Edge
1387 00

vertex1387
010470.0 -03408.0 1.0
Edge
1388 00

vertex1388
010551.0 -03159.0 1.0
Edge
1389 00

vertex1389
010706.0 -03011.0 1.0
Edge
1390 00

vertex1390
010826.0 -02829.0 1.0
Edge
1391 00

vertex1391
010813.0 -02656.0 1.0
Edge
1392 00

vertex1392
011046.0 -02676.0 1.0
Edge
1393 00

vertex1393
011204.0 -02522.0 1.0
Edge
1394 00

vertex1394
011269.0 -02558.0 1.0
Edge
1395 00

vertex1395
011412.0 -02687.0 1.0
Edge
1396 00

vertex1396
011585.0 -02781.0 1.0
Edge
1397 00

vertex1397
011692.0 -02879.0 1.0
Edge
1398 00

vertex1398
011669.0 -03020.0 1.0
Edge
1399 00

vertex1399
011585.0 -03234.0 1.0
Edge
1400 00

vertex1400
011748.0 -03190.0 1.0
Edge
1401 00

vertex1401
011858.0 -03322.0 1.0
Edge
1402 00

vertex1402
012027.0 -03346.0 1.0
Edge
1403 00

vertex1403
012195.0 -03371.0 1.0
Edge
1404 00

vertex1404
012368.0 -03429.0 1.0
Edge
1405 00

vertex1405
012346.0 -03606.0 1.0
Edge
1406 00

vertex1406
012459.0 -03775.0 1.0
Edge
1407 00

vertex1407
012372.0 -03992.0 1.0
Edge
1408 00

vertex1408
012513.0 -04089.0 1.0
Edge
1409 00

vertex1409
012348.0 -04134.0 1.0
Edge
1410 00

vertex1410
012176.0 -04074.0 1.0
Edge
1411 00

vertex1411
012317.0 -04171.0 1.0
Edge
1412 00

vertex1412
012429.0 -04341.0 1.0
Edge
1413 00

vertex1413
012554.0 -04192.0 1.0
Edge
1414 00

vertex1414
012722.0 -04182.0 1.0
Edge
1415 00

vertex1415
012831.0 -04316.0 1.0
Edge
1416 00

vertex1416
012872.0 -04419.0 1.0
Edge
1417 00

vertex1417
011490.0 -04853.0 1.0
Edge
1418 00

vertex1418
010413.0 -05159.0 1.0
Edge
1419 00

vertex1419
009372.0 -05353.0 1.0
Edge
1420 00

vertex1420
008162.0 -05601.0 1.0
Edge
1421 00

fake1421
008162.0 -05601.0 1.0

/Virginia34
012619.0 -03275.0 1.0
Edge
1423 00

vertex1423
012845.0 -03155.0 1.0
Edge
1424 00

vertex1424
012831.0 -03329.0 1.0
Edge
1425 00

vertex1425
012779.0 -03544.0 1.0
Edge
1426 00

vertex1426
012724.0 -03723.0 1.0
Edge
1427 00

vertex1427
012703.0 -03901.0 1.0
Edge
1428 00

vertex1428
012624.0 -03730.0 1.0
Edge
1429 00

vertex1429
012645.0 -03552.0 1.0
Edge
1430 00

vertex1430
012666.0 -03375.0 1.0
Edge
1431 00

vertex1431
012619.0 -03275.0 1.0
Edge
1432 00

fake1432
012619.0 -03275.0 1.0

/NorthCarolina35
007987.0 -06975.0 1.0
Edge
1434 00

vertex1434
007978.0 -06786.0 1.0
Edge
1435 00

vertex1435
008103.0 -06676.0 1.0
Edge
1436 00

vertex1436
008190.0 -06461.0 1.0
Edge
1437 00

vertex1437
008349.0 -06384.0 1.0
Edge
1438 00

vertex1438
008472.0 -06238.0 1.0
Edge
1439 00

vertex1439
008632.0 -06195.0 1.0
Edge
1440 00

vertex1440
008754.0 -06014.0 1.0
Edge
1441 00

vertex1441
008946.0 -05935.0 1.0
Edge
1442 00

vertex1442
009134.0 -05785.0 1.0
Edge
1443 00

vertex1443
009258.0 -05674.0 1.0
Edge
1444 00

vertex1444
009349.0 -05530.0 1.0
Edge
1445 00

vertex1445
009372.0 -05353.0 1.0
Edge
1446 00

vertex1446
010413.0 -05159.0 1.0
Edge
1447 00

vertex1447
011490.0 -04853.0 1.0
Edge
1448 00

vertex1448
012872.0 -04419.0 1.0
Edge
1449 00

vertex1449
012912.0 -04523.0 1.0
Edge
1450 00

vertex1450
013022.0 -04658.0 1.0
Edge
1451 00

vertex1451
013136.0 -04864.0 1.0
Edge
1452 00

vertex1452
013246.0 -04999.0 1.0
Edge
1453 00

vertex1453
013355.0 -05135.0 1.0
Edge
1454 00

vertex1454
013400.0 -05311.0 1.0
Edge
1455 00

vertex1455
013342.0 -05492.0 1.0
Edge
1456 00

vertex1456
013332.0 -05314.0 1.0
Edge
1457 00

vertex1457
013322.0 -05137.0 1.0
Edge
1458 00

vertex1458
013210.0 -04966.0 1.0
Edge
1459 00

vertex1459
013030.0 -04799.0 1.0
Edge
1460 00

vertex1460
012917.0 -04594.0 1.0
Edge
1461 00

vertex1461
012840.0 -04457.0 1.0
Edge
1462 00

vertex1462
012885.0 -04631.0 1.0
Edge
1463 00

vertex1463
012758.0 -04745.0 1.0
Edge
1464 00

vertex1464
012667.0 -04927.0 1.0
Edge
1465 00

vertex1465
012468.0 -04975.0 1.0
Edge
1466 00

vertex1466
012671.0 -04998.0 1.0
Edge
1467 00

vertex1467
012837.0 -04953.0 1.0
Edge
1468 00

vertex1468
012949.0 -05124.0 1.0
Edge
1469 00

vertex1469
013039.0 -04941.0 1.0
Edge
1470 00

vertex1470
013117.0 -05114.0 1.0
Edge
1471 00

vertex1471
013028.0 -05332.0 1.0
Edge
1472 00

vertex1472
012801.0 -05488.0 1.0
Edge
1473 00

vertex1473
012659.0 -05353.0 1.0
Edge
1474 00

vertex1474
012533.0 -05503.0 1.0
Edge
1475 00

vertex1475
012736.0 -05526.0 1.0
Edge
1476 00

vertex1476
012714.0 -05741.0 1.0
Edge
1477 00

vertex1477
012519.0 -05859.0 1.0
Edge
1478 00

vertex1478
012817.0 -05771.0 1.0
Edge
1479 00

vertex1479
012957.0 -05870.0 1.0
Edge
1480 00

vertex1480
012866.0 -06053.0 1.0
Edge
1481 00

vertex1481
012959.0 -05906.0 1.0
Edge
1482 00

vertex1482
013081.0 -05650.0 1.0
Edge
1483 00

vertex1483
013023.0 -05831.0 1.0
Edge
1484 00

vertex1484
012866.0 -06053.0 1.0
Edge
1485 00

vertex1485
012662.0 -06029.0 1.0
Edge
1486 00

vertex1486
012533.0 -06143.0 1.0
Edge
1487 00

vertex1487
012343.0 -06366.0 1.0
Edge
1488 00

vertex1488
012185.0 -06552.0 1.0
Edge
1489 00

vertex1489
012160.0 -06731.0 1.0
Edge
1490 00

vertex1490
012103.0 -06949.0 1.0
Edge
1491 00

vertex1491
011904.0 -06994.0 1.0
Edge
1492 00

vertex1492
011776.0 -07107.0 1.0
Edge
1493 00

vertex1493
011603.0 -06972.0 1.0
Edge
1494 00

vertex1494
011397.0 -06840.0 1.0
Edge
1495 00

vertex1495
011224.0 -06706.0 1.0
Edge
1496 00

vertex1496
011053.0 -06608.0 1.0
Edge
1497 00

vertex1497
010915.0 -06508.0 1.0
Edge
1498 00

vertex1498
010749.0 -06480.0 1.0
Edge
1499 00

vertex1499
010585.0 -06524.0 1.0
Edge
1500 00

vertex1500
010358.0 -06606.0 1.0
Edge
1501 00

vertex1501
010190.0 -06543.0 1.0
Edge
1502 00

vertex1502
010021.0 -06445.0 1.0
Edge
1503 00

vertex1503
009856.0 -06453.0 1.0
Edge
1504 00

vertex1504
009629.0 -06499.0 1.0
Edge
1505 00

vertex1505
009367.0 -06512.0 1.0
Edge
1506 00

vertex1506
009205.0 -06554.0 1.0
Edge
1507 00

vertex1507
009045.0 -06632.0 1.0
Edge
1508 00

vertex1508
008857.0 -06782.0 1.0
Edge
1509 00

vertex1509
008761.0 -06821.0 1.0
Edge
1510 00

vertex1510
008665.0 -06860.0 1.0
Edge
1511 00

vertex1511
007987.0 -06975.0 1.0
Edge
1512 00

fake1512
007987.0 -06975.0 1.0

/SouthCarolina36
008761.0 -06821.0 1.0
Edge
1514 00

vertex1514
008857.0 -06782.0 1.0
Edge
1515 00

vertex1515
009045.0 -06632.0 1.0
Edge
1516 00

vertex1516
009205.0 -06554.0 1.0
Edge
1517 00

vertex1517
009367.0 -06512.0 1.0
Edge
1518 00

vertex1518
009629.0 -06499.0 1.0
Edge
1519 00

vertex1519
009856.0 -06453.0 1.0
Edge
1520 00

vertex1520
010021.0 -06445.0 1.0
Edge
1521 00

vertex1521
010190.0 -06543.0 1.0
Edge
1522 00

vertex1522
010358.0 -06606.0 1.0
Edge
1523 00

vertex1523
010585.0 -06524.0 1.0
Edge
1524 00

vertex1524
010749.0 -06480.0 1.0
Edge
1525 00

vertex1525
010915.0 -06508.0 1.0
Edge
1526 00

vertex1526
011053.0 -06608.0 1.0
Edge
1527 00

vertex1527
011224.0 -06706.0 1.0
Edge
1528 00

vertex1528
011397.0 -06840.0 1.0
Edge
1529 00

vertex1529
011603.0 -06972.0 1.0
Edge
1530 00

vertex1530
011776.0 -07107.0 1.0
Edge
1531 00

vertex1531
011614.0 -07221.0 1.0
Edge
1532 00

vertex1532
011524.0 -07440.0 1.0
Edge
1533 00

vertex1533
011500.0 -07656.0 1.0
Edge
1534 00

vertex1534
011440.0 -07837.0 1.0
Edge
1535 00

vertex1535
011312.0 -07949.0 1.0
Edge
1536 00

vertex1536
011218.0 -08097.0 1.0
Edge
1537 00

vertex1537
011124.0 -08244.0 1.0
Edge
1538 00

vertex1538
010996.0 -08357.0 1.0
Edge
1539 00

vertex1539
010902.0 -08504.0 1.0
Edge
1540 00

vertex1540
010775.0 -08652.0 1.0
Edge
1541 00

vertex1541
010648.0 -08800.0 1.0
Edge
1542 00

vertex1542
010586.0 -08910.0 1.0
Edge
1543 00

vertex1543
010553.0 -08912.0 1.0
Edge
1544 00

vertex1544
010385.0 -08810.0 1.0
Edge
1545 00

vertex1545
010312.0 -08634.0 1.0
Edge
1546 00

vertex1546
010177.0 -08533.0 1.0
Edge
1547 00

vertex1547
010104.0 -08357.0 1.0
Edge
1548 00

vertex1548
009966.0 -08184.0 1.0
Edge
1549 00

vertex1549
009763.0 -08050.0 1.0
Edge
1550 00

vertex1550
009656.0 -07841.0 1.0
Edge
1551 00

vertex1551
009488.0 -07742.0 1.0
Edge
1552 00

vertex1552
009320.0 -07643.0 1.0
Edge
1553 00

vertex1553
009184.0 -07508.0 1.0
Edge
1554 00

vertex1554
009079.0 -07371.0 1.0
Edge
1555 00

vertex1555
008975.0 -07234.0 1.0
Edge
1556 00

vertex1556
008809.0 -07171.0 1.0
Edge
1557 00

vertex1557
008673.0 -07036.0 1.0
Edge
1558 00

vertex1558
008761.0 -06821.0 1.0
Edge
1559 00

fake1559
008761.0 -06821.0 1.0

/Georgia37
007248.0 -07100.0 1.0
Edge
1561 00

vertex1561
007987.0 -06975.0 1.0
Edge
1562 00

vertex1562
008665.0 -06860.0 1.0
Edge
1563 00

vertex1563
008761.0 -06821.0 1.0
Edge
1564 00

vertex1564
008761.0 -06821.0 1.0
Edge
1565 00

vertex1565
008673.0 -07036.0 1.0
Edge
1566 00

vertex1566
008809.0 -07171.0 1.0
Edge
1567 00

vertex1567
008975.0 -07234.0 1.0
Edge
1568 00

vertex1568
009079.0 -07371.0 1.0
Edge
1569 00

vertex1569
009184.0 -07508.0 1.0
Edge
1570 00

vertex1570
009320.0 -07643.0 1.0
Edge
1571 00

vertex1571
009488.0 -07742.0 1.0
Edge
1572 00

vertex1572
009656.0 -07841.0 1.0
Edge
1573 00

vertex1573
009763.0 -08050.0 1.0
Edge
1574 00

vertex1574
009966.0 -08184.0 1.0
Edge
1575 00

vertex1575
010104.0 -08357.0 1.0
Edge
1576 00

vertex1576
010177.0 -08533.0 1.0
Edge
1577 00

vertex1577
010312.0 -08634.0 1.0
Edge
1578 00

vertex1578
010385.0 -08810.0 1.0
Edge
1579 00

vertex1579
010553.0 -08912.0 1.0
Edge
1580 00

vertex1580
010586.0 -08910.0 1.0
Edge
1581 00

vertex1581
010496.0 -09165.0 1.0
Edge
1582 00

vertex1582
010469.0 -09345.0 1.0
Edge
1583 00

vertex1583
010410.0 -09564.0 1.0
Edge
1584 00

vertex1584
010415.0 -09744.0 1.0
Edge
1585 00

vertex1585
010388.0 -09925.0 1.0
Edge
1586 00

vertex1586
010426.0 -10105.0 1.0
Edge
1587 00

vertex1587
010262.0 -10110.0 1.0
Edge
1588 00

vertex1588
010096.0 -10079.0 1.0
Edge
1589 00

vertex1589
010070.0 -10296.0 1.0
Edge
1590 00

vertex1590
009907.0 -10338.0 1.0
Edge
1591 00

vertex1591
008282.0 -10499.0 1.0
Edge
1592 00

vertex1592
008149.0 -10396.0 1.0
Edge
1593 00

vertex1593
007984.0 -10294.0 1.0
Edge
1594 00

vertex1594
007979.0 -10115.0 1.0
Edge
1595 00

vertex1595
007973.0 -09937.0 1.0
Edge
1596 00

vertex1596
007935.0 -09759.0 1.0
Edge
1597 00

vertex1597
007894.0 -09512.0 1.0
Edge
1598 00

vertex1598
007985.0 -09330.0 1.0
Edge
1599 00

vertex1599
007946.0 -09154.0 1.0
Edge
1600 00

vertex1600
007875.0 -08979.0 1.0
Edge
1601 00

vertex1601
007771.0 -08805.0 1.0
Edge
1602 00

vertex1602
007699.0 -08596.0 1.0
Edge
1603 00

vertex1603
007626.0 -08387.0 1.0
Edge
1604 00

vertex1604
007551.0 -08142.0 1.0
Edge
1605 00

vertex1605
007511.0 -07933.0 1.0
Edge
1606 00

vertex1606
007471.0 -07758.0 1.0
Edge
1607 00

vertex1607
007399.0 -07585.0 1.0
Edge
1608 00

vertex1608
007325.0 -07377.0 1.0
Edge
1609 00

vertex1609
007285.0 -07204.0 1.0
Edge
1610 00

vertex1610
007248.0 -07100.0 1.0
Edge
1611 00

fake1611
007248.0 -07100.0 1.0

/Florida38
006401.0 -11173.0 1.0
Edge
1613 00

vertex1613
006558.0 -11060.0 1.0
Edge
1614 00

vertex1614
006553.0 -10881.0 1.0
Edge
1615 00

vertex1615
006414.0 -10529.0 1.0
Edge
1616 00

vertex1616
007984.0 -10294.0 1.0
Edge
1617 00

vertex1617
007979.0 -10115.0 1.0
Edge
1618 00

vertex1618
007984.0 -10294.0 1.0
Edge
1619 00

vertex1619
008149.0 -10396.0 1.0
Edge
1620 00

vertex1620
008282.0 -10499.0 1.0
Edge
1621 00

vertex1621
009907.0 -10338.0 1.0
Edge
1622 00

vertex1622
010070.0 -10296.0 1.0
Edge
1623 00

vertex1623
010096.0 -10079.0 1.0
Edge
1624 00

vertex1624
010262.0 -10110.0 1.0
Edge
1625 00

vertex1625
010426.0 -10105.0 1.0
Edge
1626 00

vertex1626
010464.0 -10283.0 1.0
Edge
1627 00

vertex1627
010568.0 -10462.0 1.0
Edge
1628 00

vertex1628
010638.0 -10641.0 1.0
Edge
1629 00

vertex1629
010710.0 -10893.0 1.0
Edge
1630 00

vertex1630
010813.0 -11072.0 1.0
Edge
1631 00

vertex1631
010949.0 -11251.0 1.0
Edge
1632 00

vertex1632
011085.0 -11430.0 1.0
Edge
1633 00

vertex1633
011187.0 -11611.0 1.0
Edge
1634 00

vertex1634
011322.0 -11717.0 1.0
Edge
1635 00

vertex1635
011293.0 -11939.0 1.0
Edge
1636 00

vertex1636
011223.0 -11757.0 1.0
Edge
1637 00

vertex1637
011121.0 -11612.0 1.0
Edge
1638 00

vertex1638
011191.0 -11794.0 1.0
Edge
1639 00

vertex1639
011261.0 -12013.0 1.0
Edge
1640 00

vertex1640
011362.0 -12158.0 1.0
Edge
1641 00

vertex1641
011326.0 -11975.0 1.0
Edge
1642 00

vertex1642
011428.0 -12119.0 1.0
Edge
1643 00

vertex1643
011529.0 -12265.0 1.0
Edge
1644 00

vertex1644
011631.0 -12411.0 1.0
Edge
1645 00

vertex1645
011700.0 -12631.0 1.0
Edge
1646 00

vertex1646
011801.0 -12777.0 1.0
Edge
1647 00

vertex1647
011902.0 -12924.0 1.0
Edge
1648 00

vertex1648
011969.0 -13109.0 1.0
Edge
1649 00

vertex1649
011971.0 -13296.0 1.0
Edge
1650 00

vertex1650
012006.0 -13482.0 1.0
Edge
1651 00

vertex1651
011973.0 -13669.0 1.0
Edge
1652 00

vertex1652
012007.0 -13893.0 1.0
Edge
1653 00

vertex1653
011975.0 -14081.0 1.0
Edge
1654 00

vertex1654
011910.0 -14270.0 1.0
Edge
1655 00

vertex1655
011909.0 -14458.0 1.0
Edge
1656 00

vertex1656
011910.0 -14646.0 1.0
Edge
1657 00

vertex1657
011745.0 -14836.0 1.0
Edge
1658 00

vertex1658
011613.0 -14950.0 1.0
Edge
1659 00

vertex1659
011482.0 -15064.0 1.0
Edge
1660 00

vertex1660
011284.0 -15103.0 1.0
Edge
1661 00

vertex1661
011121.0 -15180.0 1.0
Edge
1662 00

vertex1662
010957.0 -15256.0 1.0
Edge
1663 00

vertex1663
011121.0 -15180.0 1.0
Edge
1664 00

vertex1664
011284.0 -15103.0 1.0
Edge
1665 00

vertex1665
011449.0 -15065.0 1.0
Edge
1666 00

vertex1666
011580.0 -14950.0 1.0
Edge
1667 00

vertex1667
011712.0 -14837.0 1.0
Edge
1668 00

vertex1668
011844.0 -14722.0 1.0
Edge
1669 00

vertex1669
011910.0 -14533.0 1.0
Edge
1670 00

vertex1670
011745.0 -14610.0 1.0
Edge
1671 00

vertex1671
011548.0 -14649.0 1.0
Edge
1672 00

vertex1672
011383.0 -14575.0 1.0
Edge
1673 00

vertex1673
011349.0 -14388.0 1.0
Edge
1674 00

vertex1674
011250.0 -14240.0 1.0
Edge
1675 00

vertex1675
011118.0 -14091.0 1.0
Edge
1676 00

vertex1676
010921.0 -14018.0 1.0
Edge
1677 00

vertex1677
010821.0 -13871.0 1.0
Edge
1678 00

vertex1678
010755.0 -13686.0 1.0
Edge
1679 00

vertex1679
010591.0 -13689.0 1.0
Edge
1680 00

vertex1680
010590.0 -13503.0 1.0
Edge
1681 00

vertex1681
010555.0 -13318.0 1.0
Edge
1682 00

vertex1682
010391.0 -13358.0 1.0
Edge
1683 00

vertex1683
010259.0 -13250.0 1.0
Edge
1684 00

vertex1684
010192.0 -13066.0 1.0
Edge
1685 00

vertex1685
010092.0 -12921.0 1.0
Edge
1686 00

vertex1686
010122.0 -12737.0 1.0
Edge
1687 00

vertex1687
010217.0 -12551.0 1.0
Edge
1688 00

vertex1688
010052.0 -12444.0 1.0
Edge
1689 00

vertex1689
010055.0 -12628.0 1.0
Edge
1690 00

vertex1690
009922.0 -12520.0 1.0
Edge
1691 00

vertex1691
009886.0 -12301.0 1.0
Edge
1692 00

vertex1692
009948.0 -12117.0 1.0
Edge
1693 00

vertex1693
009912.0 -11935.0 1.0
Edge
1694 00

vertex1694
009875.0 -11753.0 1.0
Edge
1695 00

vertex1695
009739.0 -11502.0 1.0
Edge
1696 00

vertex1696
009576.0 -11507.0 1.0
Edge
1697 00

vertex1697
009442.0 -11329.0 1.0
Edge
1698 00

vertex1698
009308.0 -11188.0 1.0
Edge
1699 00

vertex1699
009144.0 -11120.0 1.0
Edge
1700 00

vertex1700
009042.0 -10979.0 1.0
Edge
1701 00

vertex1701
008844.0 -10876.0 1.0
Edge
1702 00

vertex1702
008651.0 -10954.0 1.0
Edge
1703 00

vertex1703
008558.0 -11102.0 1.0
Edge
1704 00

vertex1704
008399.0 -11216.0 1.0
Edge
1705 00

vertex1705
008240.0 -11364.0 1.0
Edge
1706 00

vertex1706
008048.0 -11406.0 1.0
Edge
1707 00

vertex1707
007979.0 -11228.0 1.0
Edge
1708 00

vertex1708
007814.0 -11126.0 1.0
Edge
1709 00

vertex1709
007745.0 -10948.0 1.0
Edge
1710 00

vertex1710
007585.0 -10989.0 1.0
Edge
1711 00

vertex1711
007423.0 -10958.0 1.0
Edge
1712 00

vertex1712
007322.0 -10818.0 1.0
Edge
1713 00

vertex1713
007131.0 -10897.0 1.0
Edge
1714 00

vertex1714
006909.0 -10976.0 1.0
Edge
1715 00

vertex1715
006750.0 -11053.0 1.0
Edge
1716 00

vertex1716
006875.0 -10941.0 1.0
Edge
1717 00

vertex1717
006717.0 -11019.0 1.0
Edge
1718 00

vertex1718
006558.0 -11060.0 1.0
Edge
1719 00

vertex1719
006401.0 -11173.0 1.0
Edge
1720 00

fake1720
006401.0 -11173.0 1.0

/Pennsylvania39
009010.0 -00941.0 1.0
Edge
1722 00

vertex1722
009072.0 -00902.0 1.0
Edge
1723 00

vertex1723
009257.0 -00787.0 1.0
Edge
1724 00

vertex1724
009343.0 -00644.0 1.0
Edge
1725 00

vertex1725
009432.0 -00561.0 1.0
Edge
1726 00

vertex1726
009484.0 -00773.0 1.0
Edge
1727 00

vertex1727
011888.0 -00051.0 1.0
Edge
1728 00

vertex1728
012030.0 -00144.0 1.0
Edge
1729 00

vertex1729
012113.0 -00310.0 1.0
Edge
1730 00

vertex1730
012285.0 -00367.0 1.0
Edge
1731 00

vertex1731
012390.0 -00435.0 1.0
Edge
1732 00

vertex1732
012394.0 -00462.0 1.0
Edge
1733 00

vertex1733
012343.0 -00640.0 1.0
Edge
1734 00

vertex1734
012292.0 -00817.0 1.0
Edge
1735 00

vertex1735
012274.0 -00992.0 1.0
Edge
1736 00

vertex1736
012387.0 -01123.0 1.0
Edge
1737 00

vertex1737
012501.0 -01288.0 1.0
Edge
1738 00

vertex1738
012677.0 -01380.0 1.0
Edge
1739 00

vertex1739
012553.0 -01493.0 1.0
Edge
1740 00

vertex1740
012464.0 -01639.0 1.0
Edge
1741 00

vertex1741
012240.0 -01760.0 1.0
Edge
1742 00

vertex1742
012215.0 -01866.0 1.0
Edge
1743 00

vertex1743
012173.0 -01878.0 1.0
Edge
1744 00

vertex1744
010070.0 -02493.0 1.0
Edge
1745 00

vertex1745
009465.0 -02670.0 1.0
Edge
1746 00

vertex1746
009282.0 -01974.0 1.0
Edge
1747 00

vertex1747
009010.0 -00941.0 1.0
Edge
1748 00

fake1748
009010.0 -00941.0 1.0

/Maryland40
010070.0 -02493.0 1.0
Edge
1750 00

vertex1750
012173.0 -01878.0 1.0
Edge
1751 00

vertex1751
012600.0 -02923.0 1.0
Edge
1752 00

vertex1752
012958.0 -02759.0 1.0
Edge
1753 00

vertex1753
012904.0 -02938.0 1.0
Edge
1754 00

vertex1754
012919.0 -03147.0 1.0
Edge
1755 00

vertex1755
012849.0 -03117.0 1.0
Edge
1756 00

vertex1756
012845.0 -03155.0 1.0
Edge
1757 00

vertex1757
012619.0 -03275.0 1.0
Edge
1758 00

vertex1758
012587.0 -03205.0 1.0
Edge
1759 00

vertex1759
012476.0 -03071.0 1.0
Edge
1760 00

vertex1760
012312.0 -03118.0 1.0
Edge
1761 00

vertex1761
012170.0 -03022.0 1.0
Edge
1762 00

vertex1762
012191.0 -02845.0 1.0
Edge
1763 00

vertex1763
012111.0 -02676.0 1.0
Edge
1764 00

vertex1764
012131.0 -02500.0 1.0
Edge
1765 00

vertex1765
012021.0 -02368.0 1.0
Edge
1766 00

vertex1766
012110.0 -02222.0 1.0
Edge
1767 00

vertex1767
012096.0 -02048.0 1.0
Edge
1768 00

vertex1768
012043.0 -02227.0 1.0
Edge
1769 00

vertex1769
011921.0 -02375.0 1.0
Edge
1770 00

vertex1770
011935.0 -02548.0 1.0
Edge
1771 00

vertex1771
011948.0 -02722.0 1.0
Edge
1772 00

vertex1772
011994.0 -02894.0 1.0
Edge
1773 00

vertex1773
012140.0 -03059.0 1.0
Edge
1774 00

vertex1774
012219.0 -03229.0 1.0
Edge
1775 00

vertex1775
012052.0 -03240.0 1.0
Edge
1776 00

vertex1776
011817.0 -03220.0 1.0
Edge
1777 00

vertex1777
011648.0 -03196.0 1.0
Edge
1778 00

vertex1778
011669.0 -03020.0 1.0
Edge
1779 00

vertex1779
011692.0 -02879.0 1.0
Edge
1780 00

vertex1780
011585.0 -02781.0 1.0
Edge
1781 00

vertex1781
011412.0 -02687.0 1.0
Edge
1782 00

vertex1782
011269.0 -02558.0 1.0
Edge
1783 00

vertex1783
011204.0 -02522.0 1.0
Edge
1784 00

vertex1784
011096.0 -02464.0 1.0
Edge
1785 00

vertex1785
010957.0 -02369.0 1.0
Edge
1786 00

vertex1786
010795.0 -02414.0 1.0
Edge
1787 00

vertex1787
010671.0 -02526.0 1.0
Edge
1788 00

vertex1788
010502.0 -02467.0 1.0
Edge
1789 00

vertex1789
010413.0 -02612.0 1.0
Edge
1790 00

vertex1790
010290.0 -02724.0 1.0
Edge
1791 00

vertex1791
010129.0 -02768.0 1.0
Edge
1792 00

vertex1792
010070.0 -02493.0 1.0
Edge
1793 00

fake1793
010070.0 -02493.0 1.0

/Delaware41
012173.0 -01878.0 1.0
Edge
1795 00

vertex1795
012215.0 -01866.0 1.0
Edge
1796 00

vertex1796
012240.0 -01760.0 1.0
Edge
1797 00

vertex1797
012365.0 -01692.0 1.0
Edge
1798 00

vertex1798
012326.0 -01998.0 1.0
Edge
1799 00

vertex1799
012474.0 -02162.0 1.0
Edge
1800 00

vertex1800
012590.0 -02363.0 1.0
Edge
1801 00

vertex1801
012735.0 -02493.0 1.0
Edge
1802 00

vertex1802
012846.0 -02626.0 1.0
Edge
1803 00

vertex1803
012958.0 -02759.0 1.0
Edge
1804 00

vertex1804
012600.0 -02923.0 1.0
Edge
1805 00

vertex1805
012173.0 -01878.0 1.0
Edge
1806 00

fake1806
012173.0 -01878.0 1.0

/NewYork42
009432.0 -00561.0 1.0
Edge
1808 00

vertex1808
009464.0 -00533.0 1.0
Edge
1809 00

vertex1809
009612.0 -00352.0 1.0
Edge
1810 00

vertex1810
009727.0 -00172.0 1.0
Edge
1811 00

vertex1811
009702.0 000101.0 1.0
Edge
1812 00

vertex1812
009587.0 000298.0 1.0
Edge
1813 00

vertex1813
009740.0 000412.0 1.0
Edge
1814 00

vertex1814
009925.0 000528.0 1.0
Edge
1815 00

vertex1815
010249.0 000551.0 1.0
Edge
1816 00

vertex1816
010411.0 000563.0 1.0
Edge
1817 00

vertex1817
010669.0 000616.0 1.0
Edge
1818 00

vertex1818
010789.0 000728.0 1.0
Edge
1819 00

vertex1819
010870.0 000905.0 1.0
Edge
1820 00

vertex1820
010977.0 001155.0 1.0
Edge
1821 00

vertex1821
010993.0 001327.0 1.0
Edge
1822 00

vertex1822
010751.0 001446.0 1.0
Edge
1823 00

vertex1823
010910.0 001492.0 1.0
Edge
1824 00

vertex1824
010994.0 001636.0 1.0
Edge
1825 00

vertex1825
011074.0 001814.0 1.0
Edge
1826 00

vertex1826
011157.0 001957.0 1.0
Edge
1827 00

vertex1827
011236.0 002136.0 1.0
Edge
1828 00

vertex1828
011352.0 002282.0 1.0
Edge
1829 00

vertex1829
011471.0 002395.0 1.0
Edge
1830 00

vertex1830
011724.0 002484.0 1.0
Edge
1831 00

vertex1831
012011.0 002578.0 1.0
Edge
1832 00

vertex1832
012141.0 002612.0 1.0
Edge
1833 00

vertex1833
012187.0 002490.0 1.0
Edge
1834 00

vertex1834
012243.0 002289.0 1.0
Edge
1835 00

vertex1835
012328.0 002124.0 1.0
Edge
1836 00

vertex1836
012351.0 001919.0 1.0
Edge
1837 00

vertex1837
012403.0 001752.0 1.0
Edge
1838 00

vertex1838
012459.0 001549.0 1.0
Edge
1839 00

vertex1839
012639.0 001426.0 1.0
Edge
1840 00

vertex1840
012694.0 001224.0 1.0
Edge
1841 00

vertex1841
012746.0 001055.0 1.0
Edge
1842 00

vertex1842
012834.0 000855.0 1.0
Edge
1843 00

vertex1843
012855.0 000650.0 1.0
Edge
1844 00

vertex1844
012842.0 000440.0 1.0
Edge
1845 00

vertex1845
012893.0 000271.0 1.0
Edge
1846 00

vertex1846
012943.0 000102.0 1.0
Edge
1847 00

vertex1847
012997.0 -00102.0 1.0
Edge
1848 00

vertex1848
013047.0 -00272.0 1.0
Edge
1849 00

vertex1849
013030.0 -00447.0 1.0
Edge
1850 00

vertex1850
013109.0 -00515.0 1.0
Edge
1851 00

vertex1851
013074.0 -00548.0 1.0
Edge
1852 00

vertex1852
013023.0 -00726.0 1.0
Edge
1853 00

vertex1853
012935.0 -00872.0 1.0
Edge
1854 00

vertex1854
012946.0 -00628.0 1.0
Edge
1855 00

vertex1855
012427.0 -00459.0 1.0
Edge
1856 00

vertex1856
012285.0 -00367.0 1.0
Edge
1857 00

vertex1857
012113.0 -00310.0 1.0
Edge
1858 00

vertex1858
012030.0 -00144.0 1.0
Edge
1859 00

vertex1859
011888.0 -00051.0 1.0
Edge
1860 00

vertex1860
009484.0 -00773.0 1.0
Edge
1861 00

vertex1861
009432.0 -00561.0 1.0
Edge
1862 00

fake1862
009432.0 -00561.0 1.0

/NewYork43
013053.0 -00689.0 1.0
Edge
1864 00

vertex1864
012965.0 -00835.0 1.0
Edge
1865 00

vertex1865
013136.0 -00857.0 1.0
Edge
1866 00

vertex1866
013297.0 -00774.0 1.0
Edge
1867 00

vertex1867
013458.0 -00692.0 1.0
Edge
1868 00

vertex1868
013613.0 -00539.0 1.0
Edge
1869 00

vertex1869
013488.0 -00654.0 1.0
Edge
1870 00

vertex1870
013297.0 -00774.0 1.0
Edge
1871 00

vertex1871
013136.0 -00857.0 1.0
Edge
1872 00

vertex1872
013260.0 -00742.0 1.0
Edge
1873 00

vertex1873
013455.0 -00657.0 1.0
Edge
1874 00

vertex1874
013579.0 -00542.0 1.0
Edge
1875 00

vertex1875
013741.0 -00459.0 1.0
Edge
1876 00

vertex1876
013863.0 -00309.0 1.0
Edge
1877 00

vertex1877
013987.0 -00194.0 1.0
Edge
1878 00

vertex1878
013822.0 -00243.0 1.0
Edge
1879 00

vertex1879
013697.0 -00358.0 1.0
Edge
1880 00

vertex1880
013748.0 -00180.0 1.0
Edge
1881 00

vertex1881
013661.0 -00326.0 1.0
Edge
1882 00

vertex1882
013499.0 -00409.0 1.0
Edge
1883 00

vertex1883
013338.0 -00492.0 1.0
Edge
1884 00

vertex1884
013177.0 -00574.0 1.0
Edge
1885 00

vertex1885
013053.0 -00689.0 1.0
Edge
1886 00

fake1886
013053.0 -00689.0 1.0

/NewJersey44
012390.0 -00435.0 1.0
Edge
1888 00

vertex1888
012427.0 -00459.0 1.0
Edge
1889 00

vertex1889
012946.0 -00628.0 1.0
Edge
1890 00

vertex1890
012935.0 -00872.0 1.0
Edge
1891 00

vertex1891
012847.0 -01019.0 1.0
Edge
1892 00

vertex1892
013017.0 -01040.0 1.0
Edge
1893 00

vertex1893
013100.0 -01209.0 1.0
Edge
1894 00

vertex1894
013148.0 -01379.0 1.0
Edge
1895 00

vertex1895
013097.0 -01558.0 1.0
Edge
1896 00

vertex1896
013145.0 -01729.0 1.0
Edge
1897 00

vertex1897
013092.0 -01908.0 1.0
Edge
1898 00

vertex1898
012967.0 -02022.0 1.0
Edge
1899 00

vertex1899
012981.0 -02196.0 1.0
Edge
1900 00

vertex1900
012928.0 -02374.0 1.0
Edge
1901 00

vertex1901
012847.0 -02206.0 1.0
Edge
1902 00

vertex1902
012680.0 -02217.0 1.0
Edge
1903 00

vertex1903
012537.0 -02123.0 1.0
Edge
1904 00

vertex1904
012393.0 -01993.0 1.0
Edge
1905 00

vertex1905
012365.0 -01692.0 1.0
Edge
1906 00

vertex1906
012464.0 -01639.0 1.0
Edge
1907 00

vertex1907
012553.0 -01493.0 1.0
Edge
1908 00

vertex1908
012677.0 -01380.0 1.0
Edge
1909 00

vertex1909
012501.0 -01288.0 1.0
Edge
1910 00

vertex1910
012387.0 -01123.0 1.0
Edge
1911 00

vertex1911
012274.0 -00992.0 1.0
Edge
1912 00

vertex1912
012292.0 -00817.0 1.0
Edge
1913 00

vertex1913
012343.0 -00640.0 1.0
Edge
1914 00

vertex1914
012394.0 -00462.0 1.0
Edge
1915 00

vertex1915
012390.0 -00435.0 1.0
Edge
1916 00

fake1916
012390.0 -00435.0 1.0

/Vermont45
012187.0 002490.0 1.0
Edge
1918 00

vertex1918
012204.0 002629.0 1.0
Edge
1919 00

vertex1919
012459.0 002720.0 1.0
Edge
1920 00

vertex1920
012616.0 002803.0 1.0
Edge
1921 00

vertex1921
012838.0 002892.0 1.0
Edge
1922 00

vertex1922
013061.0 002982.0 1.0
Edge
1923 00

vertex1923
013082.0 002811.0 1.0
Edge
1924 00

vertex1924
013136.0 002644.0 1.0
Edge
1925 00

vertex1925
013122.0 002470.0 1.0
Edge
1926 00

vertex1926
013014.0 002253.0 1.0
Edge
1927 00

vertex1927
013071.0 002051.0 1.0
Edge
1928 00

vertex1928
013028.0 001840.0 1.0
Edge
1929 00

vertex1929
013052.0 001635.0 1.0
Edge
1930 00

vertex1930
013107.0 001432.0 1.0
Edge
1931 00

vertex1931
013093.0 001258.0 1.0
Edge
1932 00

vertex1932
013145.0 001089.0 1.0
Edge
1933 00

vertex1933
013185.0 001054.0 1.0
Edge
1934 00

vertex1934
012806.0 000917.0 1.0
Edge
1935 00

vertex1935
012746.0 001055.0 1.0
Edge
1936 00

vertex1936
012694.0 001224.0 1.0
Edge
1937 00

vertex1937
012639.0 001426.0 1.0
Edge
1938 00

vertex1938
012459.0 001549.0 1.0
Edge
1939 00

vertex1939
012403.0 001752.0 1.0
Edge
1940 00

vertex1940
012351.0 001919.0 1.0
Edge
1941 00

vertex1941
012328.0 002124.0 1.0
Edge
1942 00

vertex1942
012243.0 002289.0 1.0
Edge
1943 00

vertex1943
012187.0 002490.0 1.0
Edge
1944 00

fake1944
012187.0 002490.0 1.0

/NewHampshire46
013185.0 001054.0 1.0
Edge
1946 00

vertex1946
013145.0 001089.0 1.0
Edge
1947 00

vertex1947
013093.0 001258.0 1.0
Edge
1948 00

vertex1948
013107.0 001432.0 1.0
Edge
1949 00

vertex1949
013052.0 001635.0 1.0
Edge
1950 00

vertex1950
013028.0 001840.0 1.0
Edge
1951 00

vertex1951
013071.0 002051.0 1.0
Edge
1952 00

vertex1952
013014.0 002253.0 1.0
Edge
1953 00

vertex1953
013122.0 002470.0 1.0
Edge
1954 00

vertex1954
013136.0 002644.0 1.0
Edge
1955 00

vertex1955
013082.0 002811.0 1.0
Edge
1956 00

vertex1956
013061.0 002982.0 1.0
Edge
1957 00

vertex1957
013073.0 003155.0 1.0
Edge
1958 00

vertex1958
013225.0 003272.0 1.0
Edge
1959 00

vertex1959
013251.0 003068.0 1.0
Edge
1960 00

vertex1960
013605.0 002377.0 1.0
Edge
1961 00

vertex1961
013658.0 002209.0 1.0
Edge
1962 00

vertex1962
013782.0 002013.0 1.0
Edge
1963 00

vertex1963
013836.0 001845.0 1.0
Edge
1964 00

vertex1964
014083.0 001764.0 1.0
Edge
1965 00

vertex1965
014069.0 001589.0 1.0
Edge
1966 00

vertex1966
014122.0 001420.0 1.0
Edge
1967 00

vertex1967
014088.0 001526.0 1.0
Edge
1968 00

vertex1968
013916.0 001436.0 1.0
Edge
1969 00

vertex1969
013831.0 001289.0 1.0
Edge
1970 00

vertex1970
013185.0 001054.0 1.0
Edge
1971 00

fake1971
013185.0 001054.0 1.0

/Massachusetts47
012806.0 000917.0 1.0
Edge
1973 00

vertex1973
013185.0 001054.0 1.0
Edge
1974 00

vertex1974
013831.0 001289.0 1.0
Edge
1975 00

vertex1975
013916.0 001436.0 1.0
Edge
1976 00

vertex1976
014088.0 001526.0 1.0
Edge
1977 00

vertex1977
014122.0 001420.0 1.0
Edge
1978 00

vertex1978
014298.0 001367.0 1.0
Edge
1979 00

vertex1979
014145.0 001214.0 1.0
Edge
1980 00

vertex1980
014164.0 001041.0 1.0
Edge
1981 00

vertex1981
014336.0 001023.0 1.0
Edge
1982 00

vertex1982
014487.0 000897.0 1.0
Edge
1983 00

vertex1983
014603.0 000768.0 1.0
Edge
1984 00

vertex1984
014807.0 000788.0 1.0
Edge
1985 00

vertex1985
014787.0 000960.0 1.0
Edge
1986 00

vertex1986
014935.0 000869.0 1.0
Edge
1987 00

vertex1987
014814.0 000718.0 1.0
Edge
1988 00

vertex1988
014690.0 000601.0 1.0
Edge
1989 00

vertex1989
014513.0 000655.0 1.0
Edge
1990 00

vertex1990
014426.0 000508.0 1.0
Edge
1991 00

vertex1991
014377.0 000425.0 1.0
Edge
1992 00

vertex1992
014220.0 000524.0 1.0
Edge
1993 00

vertex1993
014104.0 000653.0 1.0
Edge
1994 00

vertex1994
013932.0 000672.0 1.0
Edge
1995 00

vertex1995
013765.0 000657.0 1.0
Edge
1996 00

vertex1996
013567.0 000605.0 1.0
Edge
1997 00

vertex1997
013313.0 000445.0 1.0
Edge
1998 00

vertex1998
013146.0 000431.0 1.0
Edge
1999 00

vertex1999
012873.0 000335.0 1.0
Edge
2000 00

vertex2000
012842.0 000440.0 1.0
Edge
2001 00

vertex2001
012855.0 000650.0 1.0
Edge
2002 00

vertex2002
012834.0 000855.0 1.0
Edge
2003 00

vertex2003
012806.0 000917.0 1.0
Edge
2004 00

fake2004
012806.0 000917.0 1.0

/Connecticut48
012873.0 000335.0 1.0
Edge
2006 00

vertex2006
013146.0 000431.0 1.0
Edge
2007 00

vertex2007
013313.0 000445.0 1.0
Edge
2008 00

vertex2008
013567.0 000605.0 1.0
Edge
2009 00

vertex2009
013765.0 000657.0 1.0
Edge
2010 00

vertex2010
013832.0 000663.0 1.0
Edge
2011 00

vertex2011
014059.0 000149.0 1.0
Edge
2012 00

vertex2012
013926.0 000080.0 1.0
Edge
2013 00

vertex2013
013764.0 -00004.0 1.0
Edge
2014 00

vertex2014
013603.0 -00087.0 1.0
Edge
2015 00

vertex2015
013442.0 -00170.0 1.0
Edge
2016 00

vertex2016
013321.0 -00319.0 1.0
Edge
2017 00

vertex2017
013197.0 -00434.0 1.0
Edge
2018 00

vertex2018
013074.0 -00548.0 1.0
Edge
2019 00

vertex2019
013023.0 -00726.0 1.0
Edge
2020 00

vertex2020
012935.0 -00872.0 1.0
Edge
2021 00

vertex2021
013109.0 -00515.0 1.0
Edge
2022 00

vertex2022
013030.0 -00447.0 1.0
Edge
2023 00

vertex2023
013047.0 -00272.0 1.0
Edge
2024 00

vertex2024
012997.0 -00102.0 1.0
Edge
2025 00

vertex2025
012943.0 000102.0 1.0
Edge
2026 00

vertex2026
012893.0 000271.0 1.0
Edge
2027 00

vertex2027
012873.0 000335.0 1.0
Edge
2028 00

fake2028
012873.0 000335.0 1.0

/RhodeIsland49
013832.0 000663.0 1.0
Edge
2030 00

vertex2030
013932.0 000672.0 1.0
Edge
2031 00

vertex2031
014104.0 000653.0 1.0
Edge
2032 00

vertex2032
014220.0 000524.0 1.0
Edge
2033 00

vertex2033
014377.0 000425.0 1.0
Edge
2034 00

vertex2034
014426.0 000508.0 1.0
Edge
2035 00

vertex2035
014339.0 000360.0 1.0
Edge
2036 00

vertex2036
014224.0 000489.0 1.0
Edge
2037 00

vertex2037
014174.0 000311.0 1.0
Edge
2038 00

vertex2038
014087.0 000164.0 1.0
Edge
2039 00

vertex2039
014059.0 000149.0 1.0
Edge
2040 00

vertex2040
013832.0 000663.0 1.0
Edge
2041 00

fake2041
013832.0 000663.0 1.0

/Maine50
013225.0 003272.0 1.0
Edge
2043 00

vertex2043
013307.0 003418.0 1.0
Edge
2044 00

vertex2044
013318.0 003592.0 1.0
Edge
2045 00

vertex2045
013400.0 003737.0 1.0
Edge
2046 00

vertex2046
013411.0 003910.0 1.0
Edge
2047 00

vertex2047
013317.0 004108.0 1.0
Edge
2048 00

vertex2048
013360.0 004284.0 1.0
Edge
2049 00

vertex2049
013332.0 004487.0 1.0
Edge
2050 00

vertex2050
013337.0 004694.0 1.0
Edge
2051 00

vertex2051
013370.0 004938.0 1.0
Edge
2052 00

vertex2052
013429.0 005219.0 1.0
Edge
2053 00

vertex2053
013609.0 005135.0 1.0
Edge
2054 00

vertex2054
013797.0 005224.0 1.0
Edge
2055 00

vertex2055
013942.0 005376.0 1.0
Edge
2056 00

vertex2056
014118.0 005326.0 1.0
Edge
2057 00

vertex2057
014309.0 005175.0 1.0
Edge
2058 00

vertex2058
014416.0 004911.0 1.0
Edge
2059 00

vertex2059
014550.0 004684.0 1.0
Edge
2060 00

vertex2060
014647.0 004487.0 1.0
Edge
2061 00

vertex2061
014704.0 004320.0 1.0
Edge
2062 00

vertex2062
014882.0 004271.0 1.0
Edge
2063 00

vertex2063
015040.0 004115.0 1.0
Edge
2064 00

vertex2064
015223.0 004032.0 1.0
Edge
2065 00

vertex2065
015344.0 003906.0 1.0
Edge
2066 00

vertex2066
015407.0 003705.0 1.0
Edge
2067 00

vertex2067
015285.0 003587.0 1.0
Edge
2068 00

vertex2068
015173.0 003402.0 1.0
Edge
2069 00

vertex2069
015014.0 003315.0 1.0
Edge
2070 00

vertex2070
014854.0 003228.0 1.0
Edge
2071 00

vertex2071
014764.0 003392.0 1.0
Edge
2072 00

vertex2072
014753.0 003218.0 1.0
Edge
2073 00

vertex2073
014809.0 003050.0 1.0
Edge
2074 00

vertex2074
014641.0 003033.0 1.0
Edge
2075 00

vertex2075
014558.0 002886.0 1.0
Edge
2076 00

vertex2076
014584.0 002680.0 1.0
Edge
2077 00

vertex2077
014429.0 002560.0 1.0
Edge
2078 00

vertex2078
014307.0 002445.0 1.0
Edge
2079 00

vertex2079
014147.0 002359.0 1.0
Edge
2080 00

vertex2080
014202.0 002191.0 1.0
Edge
2081 00

vertex2081
014130.0 001941.0 1.0
Edge
2082 00

vertex2082
014083.0 001764.0 1.0
Edge
2083 00

vertex2083
013982.0 001754.0 1.0
Edge
2084 00

vertex2084
013836.0 001845.0 1.0
Edge
2085 00

vertex2085
013782.0 002013.0 1.0
Edge
2086 00

vertex2086
013658.0 002209.0 1.0
Edge
2087 00

vertex2087
013605.0 002377.0 1.0
Edge
2088 00

vertex2088
013251.0 003068.0 1.0
Edge
2089 00

vertex2089
013225.0 003272.0 1.0
Edge
2090 00

fake2090
013225.0 003272.0 1.0


#+---------------------------------------------------------------------------+#
#|            Copyright (C) 1992, Digital Equipment Corporation              |#
#| 		          All rights reserved.                               |#
#|                  See the file COPYRIGHT for a full description.           |#
#+---------------------------------------------------------------------------+#
